0	4621.295	-0.00381649	-0.0796699	-0.019072	3779.62	354.734	-73.4501	0.1	0.0130215
50	4621.295	0.0001292	0.0205762	-0.023304	-3087.44	1965.34	4348.17	0.1	0.0130215
100	4621.295	-0.295369	-2.45659	-0.731589	-892.21	485.332	142.157	0.1	0.0130215
150	4621.295	0.124293	0.0798255	1.00098	568.4	139.118	-346.921	0.1	0.0130215
200	4621.295	0.140028	-0.0515985	-0.1005	-1403.12	-279.489	-2474.27	0.1	0.0130215
250	4621.295	0.517192	-0.785768	0.252474	783.663	-742.163	-770.788	0.1	0.0130215
300	4621.295	0.45328	0.708019	0.447144	580.788	620.059	-1397.71	0.1	0.0130215
350	4621.295	-0.0027975	0.00013058	-0.0754016	-3306.89	1617.4	-888.808	0.1	0.0130215
400	4621.295	-5.32362	1.17484	-2.00119	-0.299778	440.926	-612.78	0.1	0.0130215
450	4621.295	-0.102438	-0.0270243	0.0327313	3056.86	2421.31	277.426	0.1	0.0130215
500	4621.295	0.0276529	0.194166	0.0413478	1423.49	415.132	290.361	0.1	0.0130215
550	4621.295	-0.165235	-0.373162	0.540592	-90.59	-995.83	-1207.51	0.1	0.0130215
600	4621.295	-0.24276	-0.0196271	0.0947319	520.532	2351.56	-1714.38	0.1	0.0130215
650	4621.295	0.122528	-0.0377954	-0.104337	990.917	-749.859	220.164	0.1	0.0130215
700	4621.295	0.0286317	0.00616832	-0.0605596	-1159.28	-1320.28	-5606.7	0.1	0.0130215
750	4621.295	-0.0253498	-0.0316955	0.0167427	-2605.01	-1582.56	-1656.75	0.1	0.0130215
800	4621.295	0.0121657	0.00565504	0.0182444	594.284	247.505	-312.563	0.1	0.0130215
850	4621.295	0.0593112	-0.116851	-0.0462054	-494.358	-2662.81	-3031.77	0.1	0.0130215
900	4621.295	-0.0729629	0.086901	-0.146197	-1685.17	-583.711	-291.359	0.1	0.0130215
950	4621.295	-0.108999	-0.173549	-0.0277624	-830.865	961.721	4337.92	0.1	0.0130215
1000	4621.295	-0.0278497	-0.0646937	-0.0530654	1227.78	2203.2	2490.2	0.1	0.0130215
1050	4621.295	0.018348	-0.00322494	0.0799944	-375.54	-1793.67	295.633	0.1	0.0130215
1100	4621.295	0.0101056	-0.107528	-0.171096	-2258.48	2833.67	780.026	0.1	0.0130215
1150	4621.295	-0.0785046	0.0342386	0.0179848	-2482.72	-2505.33	1703.36	0.1	0.0130215
1200	4621.295	0.0931974	0.240004	-0.259875	-345.692	-2845.83	668.723	0.1	0.0130215
1250	4621.295	-0.258331	-0.180377	0.250407	-843.935	-537.733	1222.83	0.1	0.0130215
1300	4621.295	-0.0625734	-0.474148	0.0460788	2116.11	-1908.06	-358.923	0.1	0.0130215
1350	4621.295	-0.0348826	0.0242282	-0.0270768	-1661.75	-987.226	-39.4087	0.1	0.0130215
1400	4621.295	-0.0658405	-0.149024	0.0303369	-1086.48	47.1899	2278.55	0.1	0.0130215
1450	4621.295	-3.11056	-0.653213	-2.78022	-749.579	299.205	-347.593	0.1	0.0130215
1500	4621.295	0.011815	0.0158767	-0.0235049	-2043.19	2460.16	-1640.54	0.1	0.0130215
1550	4621.295	-0.00416643	0.0108664	-0.0065597	40.4113	-3405.67	1724.49	0.1	0.0130215
1600	4621.295	0.601476	-0.276628	0.569608	-416.611	-750.374	2561.54	0.1	0.0130215
1650	4621.295	0.378299	-0.0295391	-0.0877678	1758.81	-2459.84	-1715.85	0.1	0.0130215
1700	4621.295	-0.199002	-0.180806	-0.119878	3281.37	2333.8	-152.453	0.1	0.0130215
1750	4621.295	-0.275726	0.155634	-0.206123	1172.21	-113.871	-495.904	0.1	0.0130215
1800	4621.295	-0.0978327	-0.0762613	0.0026516	-1246.31	3047.36	-461.605	0.1	0.0130215
1850	4621.295	-0.104218	0.00238865	0.0353002	3331.73	-600.32	923.084	0.1	0.0130215
1900	4621.295	-0.0411686	-0.0253016	0.0220419	-1113.27	-2648.55	2221.64	0.1	0.0130215
1950	4621.295	0.01398	-0.00619595	0.0361403	-1140.69	2582.17	-719.113	0.1	0.0130215
2000	4621.295	0.07787	-0.0769361	-0.0426055	-1883.97	308.58	-795.872	0.1	0.0130215
2050	4621.295	0.10592	0.0283537	-0.118297	-4126.48	-2865.27	-1166.38	0.1	0.0130215
2100	4621.295	-0.00475091	0.00610387	-0.0710177	-314.808	2966.57	2715.44	0.1	0.0130215
2150	4621.295	-0.0146701	-0.141512	0.0992869	-807.295	-2805.93	-3123.45	0.1	0.0130215
2200	4621.295	0.0483723	-0.0560195	0.00413291	-679.412	4984.14	819.232	0.1	0.0130215
2250	4621.295	-1.5552	-1.41205	4.51874	367.535	82.5568	-25.5169	0.1	0.0130215
2300	4621.295	47.6322	41.6793	13.9053	207.559	-269.985	58.8366	0.1	0.0130215
2350	4621.295	0.0144629	-0.0127481	-0.138014	1130.84	1139.1	-3647.57	0.1	0.0130215
2400	4621.295	0.0333685	1.12567	-1.09829	2056.8	-829.919	-173.919	0.1	0.0130215
2450	4621.295	0.0733998	-0.0279794	0.0504559	805.917	752.216	411.93	0.1	0.0130215
2500	4621.295	0.0607024	-0.0406023	0.0112904	-754.491	2122.38	-2843.66	0.1	0.0130215
2550	4621.295	0.0100003	0.0199608	0.00703882	-1902.93	-4000.92	-465.495	0.1	0.0130215
2600	4621.295	0.106448	-0.0204402	-0.00711151	88.3416	-1263.42	-2053.96	0.1	0.0130215
2650	4621.295	-0.183249	-0.0483235	0.303857	-2777.92	494.531	-1836.12	0.1	0.0130215
2700	4621.295	0.0133928	0.212399	0.00245507	-2318.04	3727.86	2830.99	0.1	0.0130215
2750	4621.295	-0.00914146	0.00917586	0.135288	2333.22	1754.83	2388.05	0.1	0.0130215
2800	4621.295	-0.0479271	-0.00490659	-0.0755329	1448.61	-1222.46	1281.41	0.1	0.0130215
2850	4621.295	3.38268	0.590974	0.751019	639.43	207.106	643.845	0.1	0.0130215
2900	4621.295	-0.141136	0.0395501	0.0109662	-2278.08	-1557.12	1469.95	0.1	0.0130215
2950	4621.295	0.179739	-0.0635796	-0.108037	965.774	2520.9	1349.2	0.1	0.0130215
3000	4621.295	-0.920244	0.0971352	0.810294	-39.14	-183.933	-865.539	0.1	0.0130215
3050	4621.295	0.18637	0.169859	0.00957778	-720.613	-1756.5	-1107.25	0.1	0.0130215
3100	4621.295	-0.0933301	-0.0200201	-0.13113	321.981	-1937.83	-79.7037	0.1	0.0130215
3150	4621.295	-0.0935015	-0.0566588	0.022271	1066.44	2107.76	2746.02	0.1	0.0130215
3200	4621.295	-0.253037	0.0574284	-0.280676	960.906	657.431	1104.67	0.1	0.0130215
3250	4621.295	-0.167923	-0.679691	-2.23903	179.932	429.388	-1396.37	0.1	0.0130215
3300	4621.295	1.03368	0.094004	-2.49425	-1097.16	-59.6274	-153.205	0.1	0.0130215
3350	4621.295	0.0088936	0.0136308	-0.0114049	90.1355	-344.63	2001.15	0.1	0.0130215
3400	4621.295	0.00778758	0.0219601	-0.00504644	-2434.6	-2628.02	2350.87	0.1	0.0130215
3450	4621.295	-0.00597512	0.0664351	-0.00487081	1407.45	-809.626	-2394.13	0.1	0.0130215
3500	4621.295	0.0986326	0.0378116	-0.0167995	929.334	983.824	-3460.67	0.1	0.0130215
3550	4621.295	-0.0151707	0.0102811	-0.0391202	4415.5	-370.743	2329.24	0.1	0.0130215
3600	4621.295	0.0318048	-0.0604519	-0.0193504	2030.67	3041.75	960.825	0.1	0.0130215
3650	4621.295	-0.619108	-0.937522	-0.668251	-620.383	-49.5495	178.404	0.1	0.0130215
3700	4621.295	-0.0797687	0.416916	-0.673254	-829.364	-459.779	138.839	0.1	0.0130215
3750	4621.295	-0.0383747	0.33581	-0.630445	461.861	-954.247	-1065.68	0.1	0.0130215
3800	4621.295	0.00434531	-0.00391099	-0.00193082	-2524.97	-957.903	-145.248	0.1	0.0130215
3850	4621.295	78.4764	-101.052	-38.4087	14.8576	3.17578	48.6968	0.1	0.0130215
3900	4621.295	1.55258	0.534626	0.518545	647.18	-108.77	938.503	0.1	0.0130215
3950	4621.295	-0.0425972	-0.0233593	-0.0446441	-1029.58	4276.14	5020.94	0.1	0.0130215
4000	4621.295	2.11118	0.465518	-1.32429	294.752	-1043.08	199.305	0.1	0.0130215
4050	4621.295	0.0329271	-0.0761734	-0.0154128	-1762.51	-2452.8	-1438.91	0.1	0.0130215
4100	4621.295	-0.0374681	0.117329	0.0468189	926.829	-936.153	-1934.2	0.1	0.0130215
4150	4621.295	-0.0390991	-0.0129118	0.00079294	-439.499	-2374.02	18.8422	0.1	0.0130215
4200	4621.295	0.333985	0.917895	-0.0168749	1484.86	1207.35	-472.701	0.1	0.0130215
4250	4621.295	-0.0240683	0.0258186	0.0220297	4296.52	1954.03	-5690.76	0.1	0.0130215
4300	4621.295	-1.19504	0.0203473	0.441436	993.072	870.684	433.875	0.1	0.0130215
4350	4621.295	-0.0401086	-0.038158	0.0371558	866.588	-189.422	233.781	0.1	0.0130215
4400	4621.295	-0.00294787	-0.0119221	0.0185638	-2572.43	435.368	-2656.53	0.1	0.0130215
4450	4621.295	0.0768992	0.155706	-0.159287	-164.35	-1919.52	799.457	0.1	0.0130215
4500	4621.295	-0.0498745	-0.0803256	-0.158678	1150.91	972.256	-638.87	0.1	0.0130215
4550	4621.295	0.00842434	0.00260174	0.00847047	-4747.33	-695.174	2334.3	0.1	0.0130215
4600	4621.295	-1.05089	-0.00027639	-0.0687547	-150.397	-1093.24	-98.5013	0.1	0.0130215
4650	4621.295	-0.0365656	0.198788	-0.151429	1975.77	546.127	2211.83	0.1	0.0130215
4700	4621.295	-0.242992	0.0825258	-0.213187	-1552.03	-2121.79	-290.693	0.1	0.0130215
4750	4621.295	0.00218172	-0.00043777	0.00148379	-404.887	2035.29	-1083.37	0.1	0.0130215
4800	4621.295	0.0337921	-0.0262725	0.0441162	4530.62	-1982.11	-226.64	0.1	0.0130215
4850	4621.295	-0.464339	0.603964	-0.35424	431.22	1728.2	-1366.41	0.1	0.0130215
4900	4621.295	-0.0185017	0.465529	-0.469951	-71.0878	-1706.8	-904.674	0.1	0.0130215
4950	4621.295	-0.0968238	-0.141277	-0.123398	-892.934	-2805.79	696.508	0.1	0.0130215
5000	4621.295	0.00976246	-0.050866	0.0898168	26.0218	714.855	-473.204	0.1	0.0130215
5050	4621.295	-0.744511	0.511784	-1.31118	277.273	-1294.65	292.584	0.1	0.0130215
5100	4621.295	-0.481855	2.73279	-3.1605	-346.238	347.502	746.206	0.1	0.0130215
5150	4621.295	0.013571	0.0871734	-0.088154	51.907	5286.31	-849.256	0.1	0.0130215
5200	4621.295	0.600415	1.0906	-0.0251407	1230.95	338.167	1768.59	0.1	0.0130215
5250	4621.295	-0.0489071	0.0856778	-0.115884	-1057.42	-1651.71	-1990.52	0.1	0.0130215
5300	4621.295	0.109473	-0.159884	0.0868279	-1311.44	1135.47	-1658.31	0.1	0.0130215
5350	4621.295	-0.0753305	0.915576	0.894341	397.356	-129.17	219.13	0.1	0.0130215
5400	4621.295	0.605198	-0.637235	-0.723824	442.677	594.8	-1037.08	0.1	0.0130215
5450	4621.295	-0.210123	-1.11813	-1.43137	745.257	220.466	-1041.74	0.1	0.0130215
5500	4621.295	0.0322334	0.13013	0.0625209	756.365	628.124	-2210.08	0.1	0.0130215
5550	4621.295	-0.264951	-0.00327994	0.168991	-928.579	1002.72	2878.16	0.1	0.0130215
5600	4621.295	0.0569655	0.10627	0.142109	-326.857	-2109.93	658.695	0.1	0.0130215
5650	4621.295	0.00718886	0.00051131	0.00322634	571.03	-77.8357	36.8241	0.1	0.0130215
5700	4621.295	0.0938307	-0.0190578	-0.0417067	-5238.66	-3899.19	-906.154	0.1	0.0130215
5750	4621.295	0.780724	0.827426	0.447322	-1528.46	239.093	548.559	0.1	0.0130215
5800	4621.295	-0.0558519	-0.0726545	0.041413	635.344	-1881.13	-3483.12	0.1	0.0130215
5850	4621.295	-0.0686858	0.10163	0.00588204	-12.6146	-1877.78	-75.1773	0.1	0.0130215
5900	4621.295	0.0152738	-0.062522	-0.0227071	651.538	-2925.36	-626.644	0.1	0.0130215
5950	4621.295	0.178838	0.283257	0.343705	-865.683	-131.585	-153.836	0.1	0.0130215
6000	4621.295	0.0672033	0.0953948	0.0400719	2017.73	179.975	-3637.47	0.1	0.0130215
6050	4621.295	-0.0183607	0.0166605	-0.0938727	1319.75	1405.93	3523.21	0.1	0.0130215
6100	4621.295	0.0497278	-0.0214341	0.0197775	302.764	-1252.71	-1247.96	0.1	0.0130215
6150	4621.295	0.118146	-0.107131	0.0543168	479.855	2631.45	-2963.13	0.1	0.0130215
6200	4621.295	0.0176993	-0.00503402	0.00257964	-2098.39	654.427	1765.07	0.1	0.0130215
6250	4621.295	-0.0793529	-0.174026	-0.0514267	-1370.38	717.286	2663.93	0.1	0.0130215
6300	4621.295	0.0829528	0.104298	-0.19462	2727.33	1523.0	4088.95	0.1	0.0130215
6350	4621.295	-0.370009	-0.011814	-0.234109	-1839.04	-1258.42	-2249.69	0.1	0.0130215
6400	4621.295	-0.0165189	-0.00691708	0.00486662	-627.279	1594.88	1443.93	0.1	0.0130215
6450	4621.295	-0.0869747	0.0253825	0.0308597	-331.36	-657.206	960.559	0.1	0.0130215
6500	4621.295	0.159633	-0.0753763	-0.30151	2751.42	-515.635	3217.31	0.1	0.0130215
6550	4621.295	0.015115	-0.0227258	0.0202528	-1801.51	-827.538	2530.0	0.1	0.0130215
6600	4621.295	-0.32142	0.221069	0.154723	-1230.58	873.968	1061.01	0.1	0.0130215
6650	4621.295	0.711869	-0.161491	0.192605	222.659	1099.21	-831.142	0.1	0.0130215
6700	4621.295	0.030919	0.494981	0.340938	-1151.23	1064.53	270.059	0.1	0.0130215
6750	4621.295	0.0543247	0.215794	0.230261	1470.12	-740.532	-1852.19	0.1	0.0130215
6800	4621.295	0.0919256	-0.125829	0.102837	-3036.79	-108.411	1996.9	0.1	0.0130215
6850	4621.295	-0.0386517	0.245654	0.243059	1256.47	371.419	627.752	0.1	0.0130215
6900	4621.295	-0.169703	0.0314893	0.763556	1475.59	-506.158	456.584	0.1	0.0130215
6950	4621.295	-0.120842	-0.0586736	0.182642	22.6766	-1239.23	-582.264	0.1	0.0130215
7000	4621.295	-0.13145	0.832618	-0.324004	385.057	501.67	-80.8301	0.1	0.0130215
7050	4621.295	-0.0730422	-0.117033	0.0776882	-121.641	-2449.36	-168.402	0.1	0.0130215
7100	4621.295	-3.26983	1.16589	0.703342	251.028	798.381	-184.739	0.1	0.0130215
7150	4621.295	-0.0875114	-0.0172681	-0.0280941	4248.79	-3802.36	-349.942	0.1	0.0130215
7200	4621.295	0.0263977	-0.0156727	0.0112463	4498.7	979.794	2378.45	0.1	0.0130215
7250	4621.295	-0.160744	-0.247865	0.0792441	1733.51	-584.011	917.592	0.1	0.0130215
7300	4621.295	0.00282376	-0.0907282	-0.125982	758.929	-246.025	659.779	0.1	0.0130215
7350	4621.295	0.0209471	-0.0512597	-0.0205886	1564.72	3773.92	736.373	0.1	0.0130215
7400	4621.295	0.0357672	0.103675	-0.0119496	-307.88	-1634.78	1112.04	0.1	0.0130215
7450	4621.295	-0.0310149	0.00201481	-0.0322526	1037.21	561.499	-638.698	0.1	0.0130215
7500	4621.295	0.159508	0.0852503	0.122661	-2465.47	-987.08	-558.006	0.1	0.0130215
7550	4621.295	-0.06269	-0.0349985	-0.0236647	-1369.25	2400.13	1277.94	0.1	0.0130215
7600	4621.295	0.169737	-0.0771457	-0.00871146	-2440.17	2707.1	-1724.79	0.1	0.0130215
7650	4621.295	-0.454955	0.0582728	0.113496	-1220.16	1625.04	-586.633	0.1	0.0130215
7700	4621.295	-0.175931	-0.204358	-0.0780101	2060.01	-1115.67	-1228.89	0.1	0.0130215
7750	4621.295	0.0104203	0.492156	-0.247481	-1865.65	-995.395	597.626	0.1	0.0130215
7800	4621.295	-0.0275653	0.0326055	0.0224374	2979.92	-4036.0	-120.831	0.1	0.0130215
7850	4621.295	0.339907	0.0236089	0.0263025	-189.263	511.666	-1548.9	0.1	0.0130215
7900	4621.295	0.0265476	-0.0540748	-0.148913	-2360.37	2104.35	-684.035	0.1	0.0130215
7950	4621.295	0.00135473	0.0164591	0.0408393	-3254.54	-2682.16	949.624	0.1	0.0130215
8000	4621.295	-0.166538	0.0134122	0.468133	533.169	415.603	-1314.29	0.1	0.0130215
8050	4621.295	-0.00786247	-0.00817332	0.00633146	-1237.0	-1312.43	-2443.22	0.1	0.0130215
8100	4621.295	-0.0466676	0.752484	0.327684	135.844	730.125	509.995	0.1	0.0130215
8150	4621.295	-0.0107649	-0.176595	0.00638872	-1865.65	77.1233	1077.2	0.1	0.0130215
8200	4621.295	-0.204788	0.218994	-0.113336	319.034	349.947	-909.055	0.1	0.0130215
8250	4621.295	0.0267558	0.00642743	-0.01288	1199.96	-179.249	-2136.2	0.1	0.0130215
8300	4621.295	0.112419	0.141306	0.0136284	-5517.86	-544.241	927.113	0.1	0.0130215
8350	4621.295	-0.0705568	0.0255342	0.0492763	246.18	1608.38	104.04	0.1	0.0130215
8400	4621.295	0.0243322	0.116065	-0.0293424	-457.996	-1067.9	-1198.75	0.1	0.0130215
8450	4621.295	0.331922	-0.0274124	0.150028	-219.237	417.474	-445.289	0.1	0.0130215
8500	4621.295	-0.00358536	-0.00256166	0.00100522	-800.642	-1691.15	-77.1193	0.1	0.0130215
8550	4621.295	0.412355	-0.063188	0.0138024	231.729	94.6706	387.636	0.1	0.0130215
8600	4621.295	0.137558	0.030004	0.058603	-761.102	3285.06	280.742	0.1	0.0130215
8650	4621.295	-0.00389162	0.00670364	-0.0766869	-2653.86	-2182.75	-1608.68	0.1	0.0130215
8700	4621.295	0.0265113	0.0152155	0.0108244	5527.79	-1065.11	3971.28	0.1	0.0130215
8750	4621.295	1.14503	-0.128243	1.92077	-756.562	-242.911	438.815	0.1	0.0130215
8800	4621.295	-0.0109466	0.00646051	0.020808	2986.19	605.034	-677.789	0.1	0.0130215
8850	4621.295	0.0484804	0.0123722	-0.0351797	1376.81	-915.128	1273.45	0.1	0.0130215
8900	4621.295	-0.0110977	0.00550889	0.00358504	1371.43	-2422.0	-4583.38	0.1	0.0130215
8950	4621.295	-0.141154	-0.231279	-0.106085	1425.98	-24.272	-958.231	0.1	0.0130215
9000	4621.295	-0.0387948	-0.154919	-0.12254	-2264.85	336.006	-388.039	0.1	0.0130215
9050	4621.295	-0.0704949	0.108478	-0.115063	1192.7	-1803.52	-691.493	0.1	0.0130215
9100	4621.295	0.250488	0.157152	0.475503	-1059.68	191.138	308.111	0.1	0.0130215
9150	4621.295	0.380668	-0.0815077	-0.0512168	-3082.83	-1900.26	1739.89	0.1	0.0130215
9200	4621.295	-0.0414992	0.146292	-0.0523499	74.8427	3331.32	-3637.33	0.1	0.0130215
9250	4621.295	0.133165	-0.0343035	-0.113027	-1716.12	-2842.08	-551.319	0.1	0.0130215
9300	4621.295	-2.29781	0.475582	0.681533	-627.798	610.647	-545.203	0.1	0.0130215
9350	4621.295	-0.0493447	-0.408887	0.233445	1052.15	-621.894	1219.61	0.1	0.0130215
9400	4621.295	0.035328	-0.00417458	-0.0351665	3611.39	-390.68	1014.24	0.1	0.0130215
9450	4621.295	0.0769796	-0.0482937	0.0138844	2810.57	1683.89	4714.24	0.1	0.0130215
9500	4621.295	-0.0157519	-0.622398	0.183452	64.3492	-809.849	-1372.22	0.1	0.0130215
9550	4621.295	-0.0193302	-0.026423	0.0169062	-1208.08	-366.467	-2363.84	0.1	0.0130215
9600	4621.295	1.23369	-1.54505	1.21315	-403.609	-5.37561	640.402	0.1	0.0130215
9650	4621.295	-0.0650058	0.270565	-0.0365557	-135.282	-420.929	619.869	0.1	0.0130215
9700	4621.295	-0.0194757	-0.699998	-0.646068	-825.556	-689.939	2392.35	0.1	0.0130215
9750	4621.295	2.19698	4.43197	2.36928	128.911	228.62	-612.608	0.1	0.0130215
9800	4621.295	0.0819709	-1.09015	0.0392646	1143.88	-356.121	1138.76	0.1	0.0130215
9850	4621.295	-0.0190683	0.250673	0.115713	-816.314	-1154.37	-464.69	0.1	0.0130215
9900	4621.295	-1.02711	-0.374561	-0.221581	110.69	-1341.93	516.019	0.1	0.0130215
9950	4621.295	-0.00636061	0.0211434	0.106627	1584.76	34.5597	2439.22	0.1	0.0130215
10000	4621.295	-0.157357	-0.0847036	0.152778	-1862.42	2057.25	1611.89	0.1	0.0130215
10050	4621.295	-0.0138083	-0.00466128	0.00333517	2832.4	-975.879	-2352.61	0.1	0.0130215
10100	4621.295	-1.7732	1.38808	-0.2274	-898.284	188.424	920.393	0.1	0.0130215
10150	4621.295	-0.907843	0.0969346	0.424422	373.435	577.012	157.1	0.1	0.0130215
10200	4621.295	0.0651005	0.111775	0.0194343	-3413.23	3258.31	-338.76	0.1	0.0130215
10250	4621.295	-0.316408	-0.560793	-0.0658778	-511.129	288.092	453.315	0.1	0.0130215
10300	4621.295	1.685	2.42271	-1.1096	-82.3215	-82.6251	1364.09	0.1	0.0130215
10350	4621.295	0.0382376	0.0927953	0.107766	-3094.85	377.032	-786.787	0.1	0.0130215
10400	4621.295	-0.0670054	0.108583	0.0843247	2929.05	-813.914	-3386.93	0.1	0.0130215
10450	4621.295	-0.140958	0.054228	-0.0566254	576.732	1106.8	2164.9	0.1	0.0130215
10500	4621.295	-0.0639333	0.0272676	0.0737131	-2020.27	-313.175	-948.363	0.1	0.0130215
10550	4621.295	0.201802	-1.1654	0.698085	-1255.18	-1166.73	647.335	0.1	0.0130215
10600	4621.295	-0.0298071	-0.0742755	-0.116198	100.783	937.028	14.2164	0.1	0.0130215
10650	4621.295	-0.146235	-0.0799231	0.0831982	1003.22	3934.16	-2530.25	0.1	0.0130215
10700	4621.295	-0.124232	-0.0805506	0.0365093	1717.49	-1208.58	878.712	0.1	0.0130215
10750	4621.295	0.217602	0.0537587	0.0324803	-51.3863	593.446	2941.09	0.1	0.0130215
10800	4621.295	-0.0150041	0.0353536	0.0727966	73.1657	-782.233	-1280.72	0.1	0.0130215
10850	4621.295	-0.482329	0.446812	0.432127	-1700.22	1690.89	-1532.4	0.1	0.0130215
10900	4621.295	-0.125049	0.450799	0.229837	-313.295	-486.201	470.412	0.1	0.0130215
10950	4621.295	0.0478924	0.0643724	-0.0137083	1526.92	-6764.03	-356.129	0.1	0.0130215
11000	4621.295	-0.138789	-0.0406092	0.214808	1526.8	2760.06	-160.037	0.1	0.0130215
11050	4621.295	0.00646704	0.0129266	0.0392904	-2184.55	-6.32643	3516.38	0.1	0.0130215
11100	4621.295	-0.040083	-0.0229711	-0.0963974	1919.7	-4109.93	4652.23	0.1	0.0130215
11150	4621.295	-0.0686209	0.065063	0.00229534	-2235.29	3978.9	1213.45	0.1	0.0130215
11200	4621.295	0.0583256	-0.298334	0.780867	670.014	412.315	55.7273	0.1	0.0130215
11250	4621.295	-7.68608	-6.89868	-3.5096	2.06274	25.5036	273.087	0.1	0.0130215
11300	4621.295	0.0539402	0.0159442	0.0572211	693.19	4015.91	-3999.55	0.1	0.0130215
11350	4621.295	0.0258523	-0.105621	0.0392343	-69.5919	-2847.65	-120.149	0.1	0.0130215
11400	4621.295	0.00262476	0.0168503	-0.0338216	-5426.83	1093.78	-2335.68	0.1	0.0130215
11450	4621.295	-0.125803	-0.0656971	0.00913907	-411.385	1031.62	1049.61	0.1	0.0130215
11500	4621.295	0.0275989	-0.0467128	-0.038258	927.988	-1524.41	1.77139	0.1	0.0130215
11550	4621.295	-0.383586	-0.957139	1.24906	849.632	262.341	-1123.62	0.1	0.0130215
11600	4621.295	0.355463	0.0250645	0.0170714	1222.88	-2201.23	-16.159	0.1	0.0130215
11650	4621.295	0.767368	1.33806	1.72407	-761.477	-641.316	-105.094	0.1	0.0130215
11700	4621.295	-0.0111272	-0.02954	-0.0046668	2056.07	3850.77	5402.45	0.1	0.0130215
11750	4621.295	0.829305	-0.785242	0.387179	-983.424	-1123.96	-11.0788	0.1	0.0130215
11800	4621.295	-0.281952	-0.220057	0.018065	477.045	79.2439	2579.04	0.1	0.0130215
11850	4621.295	0.072202	0.165187	-0.0490274	1012.07	-2813.84	428.896	0.1	0.0130215
11900	4621.295	1.78401	-1.95934	2.01397	36.4781	-118.961	482.959	0.1	0.0130215
11950	4621.295	-0.405517	0.765002	1.63756	1817.57	-989.703	229.365	0.1	0.0130215
12000	4621.295	-0.00350132	-0.0309059	0.00041766	3398.96	-4076.52	317.482	0.1	0.0130215
12050	4621.295	0.00394797	1.29673	0.631379	1059.21	-1089.1	1529.15	0.1	0.0130215
12100	4621.295	0.905006	-0.415963	0.486443	-1397.89	-1434.62	-1629.39	0.1	0.0130215
12150	4621.295	-0.103438	0.0845293	0.0539155	469.085	-1235.52	193.801	0.1	0.0130215
12200	4621.295	0.464859	0.919096	0.333771	-1332.72	1587.69	135.404	0.1	0.0130215
12250	4621.295	0.0606281	-0.0428857	0.0283845	-788.757	-1709.04	2869.83	0.1	0.0130215
12300	4621.295	0.305403	-0.108228	-0.195988	1763.41	-1625.67	2165.63	0.1	0.0130215
12350	4621.295	-0.328152	-0.110208	0.306269	-1522.85	867.86	35.6369	0.1	0.0130215
12400	4621.295	0.0426962	-0.0743567	0.0919318	-1648.41	-2467.73	1845.41	0.1	0.0130215
12450	4621.295	0.20498	0.0344268	0.07954	1293.51	-443.409	-1991.78	0.1	0.0130215
12500	4621.295	0.0212934	0.103007	-0.427437	502.748	720.11	-510.229	0.1	0.0130215
12550	4621.295	0.0414473	0.149808	0.373923	-101.466	-859.821	-1004.15	0.1	0.0130215
12600	4621.295	0.0107253	0.0481716	0.0097315	132.313	21.052	-2215.35	0.1	0.0130215
12650	4621.295	0.00897478	0.023881	-0.00909417	-3190.86	-171.788	-1723.16	0.1	0.0130215
12700	4621.295	0.105957	0.0118976	-0.0385158	1994.23	-567.561	592.185	0.1	0.0130215
12750	4621.295	2.72106	4.93726	-3.70448	-61.2696	129.653	-215.896	0.1	0.0130215
12800	4621.295	-0.00282149	0.0160446	0.00314862	-1625.39	-2317.83	-1175.71	0.1	0.0130215
12850	4621.295	0.00346635	-0.0136382	-0.00197802	-2570.28	-3023.58	1370.1	0.1	0.0130215
12900	4621.295	0.120583	0.105876	0.100089	767.636	-1533.04	154.183	0.1	0.0130215
12950	4621.295	-0.00012592	0.0167436	0.0359349	-3561.58	-928.337	-1992.77	0.1	0.0130215
13000	4621.295	2.65166	-0.162823	-1.93345	-599.901	477.116	-180.21	0.1	0.0130215
13050	4621.295	0.00705975	0.0396698	-0.0272055	-3435.45	1072.41	-3064.25	0.1	0.0130215
13100	4621.295	0.16554	-0.598471	0.572673	557.48	-2599.92	-959.776	0.1	0.0130215
13150	4621.295	-0.349745	-0.325083	-0.473934	-763.229	305.689	-1215.14	0.1	0.0130215
13200	4621.295	-1.64028	0.947382	0.239856	-739.191	-441.299	-1361.79	0.1	0.0130215
13250	4621.295	0.31806	-0.15238	-0.348128	373.283	437.086	-501.451	0.1	0.0130215
13300	4621.295	0.194219	0.567817	0.152517	242.938	-2510.86	1021.51	0.1	0.0130215
13350	4621.295	-0.0199605	-0.00344178	-0.00528137	-1239.35	-3688.06	2421.68	0.1	0.0130215
13400	4621.295	-0.0994569	0.353023	0.0520303	-2106.49	1723.51	2313.99	0.1	0.0130215
13450	4621.295	-0.00652681	-0.00242635	0.00878819	-4124.47	-1589.11	4469.7	0.1	0.0130215
13500	4621.295	-0.153012	0.217465	-0.232285	1880.55	-1142.9	-638.306	0.1	0.0130215
13550	4621.295	-0.0910037	-0.00597699	0.0383302	-1580.87	-375.459	-228.66	0.1	0.0130215
13600	4621.295	0.0109556	0.0150546	-0.0174824	1474.07	3289.31	-902.987	0.1	0.0130215
13650	4621.295	-0.0026244	0.00891333	-0.00361808	-735.953	-2589.95	-2714.39	0.1	0.0130215
13700	4621.295	0.0245963	0.0030353	-0.0333697	3340.07	3770.76	-1151.41	0.1	0.0130215
13750	4621.295	0.00128229	0.0290717	-0.0347315	-1762.08	-3347.36	2651.23	0.1	0.0130215
13800	4621.295	0.143097	-0.0963968	0.144051	-1245.11	-1802.45	897.14	0.1	0.0130215
13850	4621.295	0.704872	1.04182	-1.6228	-1041.97	315.458	-316.796	0.1	0.0130215
13900	4621.295	0.164695	-0.128154	0.0052337	3674.98	1865.59	-1251.59	0.1	0.0130215
13950	4621.295	1.02307	-0.439769	0.169993	1596.03	-989.368	163.894	0.1	0.0130215
14000	4621.295	-0.0301032	-0.0365421	0.115658	-1908.5	2879.48	-2335.34	0.1	0.0130215
14050	4621.295	0.378289	-0.895365	4.57901	-257.961	-281.844	-126.197	0.1	0.0130215
14100	4621.295	0.0996338	-0.066433	0.125651	-1401.47	-3427.92	-3999.83	0.1	0.0130215
14150	4621.295	-0.200973	0.0847097	0.0974303	1474.51	-1281.32	639.312	0.1	0.0130215
14200	4621.295	0.0262528	-0.0868939	-0.216816	179.746	-1746.21	1952.66	0.1	0.0130215
14250	4621.295	-0.0343549	-0.0355143	-0.0463849	-604.72	3943.11	5398.6	0.1	0.0130215
14300	4621.295	-0.0440516	-0.00951004	0.0195517	-1155.59	-772.364	-4456.59	0.1	0.0130215
14350	4621.295	1.2582	0.878297	0.177109	-1351.2	-220.488	-147.561	0.1	0.0130215
14400	4621.295	0.0391753	0.136378	-0.00239576	-1793.0	1036.67	460.667	0.1	0.0130215
14450	4621.295	0.00768772	0.015533	0.00853017	-1827.52	-4513.1	2091.24	0.1	0.0130215
14500	4621.295	39.4222	28.7347	-5.48502	32.4189	-199.786	233.222	0.1	0.0130215
14550	4621.295	0.079198	-0.0194503	0.0647994	1502.64	3954.28	1012.61	0.1	0.0130215
14600	4621.295	0.247948	0.395337	-0.382988	-98.4719	1459.21	-198.676	0.1	0.0130215
14650	4621.295	0.0138361	0.0123235	-0.0269515	-1745.55	1877.19	4420.63	0.1	0.0130215
14700	4621.295	-0.356813	-0.163291	-0.140962	991.176	1451.59	1931.37	0.1	0.0130215
14750	4621.295	-0.283833	0.211173	-0.0795182	992.564	1395.79	-777.201	0.1	0.0130215
14800	4621.295	-0.173753	0.181779	-0.0692991	1882.75	-684.914	1303.89	0.1	0.0130215
14850	4621.295	-1.20846	4.62657	-1.11285	-548.733	218.0	477.016	0.1	0.0130215
14900	4621.295	1.50626	2.27791	1.21405	-49.3178	354.63	-80.8951	0.1	0.0130215
14950	4621.295	-0.716625	-0.462891	-0.133111	-738.417	-1117.27	966.063	0.1	0.0130215
15000	4621.295	0.00514675	0.0311052	0.0493169	-514.278	-820.318	-2394.4	0.1	0.0130215
15050	4621.295	0.0465058	0.0812789	0.00939737	-2355.07	1089.48	4959.67	0.1	0.0130215
15100	4621.295	-0.0754011	0.112651	-0.0470882	579.247	-2503.91	-2629.97	0.1	0.0130215
15150	4621.295	0.0203351	-0.163852	0.0750661	1279.59	452.892	-733.298	0.1	0.0130215
15200	4621.295	-0.332732	-0.116174	-0.367022	580.748	413.082	-689.971	0.1	0.0130215
15250	4621.295	0.00437444	0.0112559	0.0132811	974.443	710.949	-3919.12	0.1	0.0130215
15300	4621.295	1.1151	-0.411154	-0.293439	606.165	1357.81	-208.564	0.1	0.0130215
15350	4621.295	0.28409	-0.142292	0.128908	-2232.66	785.056	-2338.68	0.1	0.0130215
15400	4621.295	-0.164509	-0.203424	0.235961	-1300.11	-1257.18	1390.89	0.1	0.0130215
15450	4621.295	0.0652514	-0.0316278	0.0360656	-2864.89	-3454.23	160.568	0.1	0.0130215
15500	4621.295	0.360909	-0.00431088	0.061933	-379.469	2627.92	-2952.17	0.1	0.0130215
15550	4621.295	-0.137051	-0.0870235	0.0564607	1132.59	-2812.53	2968.91	0.1	0.0130215
15600	4621.295	0.16938	-0.0923025	-0.0701786	-905.736	481.319	-2137.64	0.1	0.0130215
15650	4621.295	4.29112	-0.177836	1.44645	96.1565	-138.491	98.6821	0.1	0.0130215
15700	4621.295	-0.163096	-0.355706	-0.107901	-575.092	-459.527	-658.525	0.1	0.0130215
15750	4621.295	0.151699	0.0255015	-0.0724313	963.946	-3085.92	2242.66	0.1	0.0130215
15800	4621.295	1.71841	-2.17986	2.96057	113.785	722.972	-401.917	0.1	0.0130215
15850	4621.295	-0.018024	-0.0310135	-0.005082	-3437.91	913.391	3662.14	0.1	0.0130215
15900	4621.295	0.0374391	0.0516963	0.0555099	362.238	638.724	-768.636	0.1	0.0130215
15950	4621.295	-0.277262	-0.0655089	0.230383	222.863	-1021.98	-2020.15	0.1	0.0130215
16000	4621.295	2.6248	6.73034	5.58746	-197.468	146.661	-153.969	0.1	0.0130215
16050	4621.295	-3.97395	-0.284871	3.14306	335.934	177.555	457.913	0.1	0.0130215
16100	4621.295	0.0103452	0.025326	-0.0242939	1073.79	471.727	6945.07	0.1	0.0130215
16150	4621.295	-0.0693552	0.182522	-0.35308	-1374.62	154.128	-712.813	0.1	0.0130215
16200	4621.295	0.0420993	0.0475587	-0.0632203	-663.209	363.367	1559.03	0.1	0.0130215
16250	4621.295	-0.0308814	-0.0912165	-0.30727	-311.406	-65.1667	624.064	0.1	0.0130215
16300	4621.295	-0.0165659	-0.0280266	-0.0267053	-818.621	281.078	-1523.91	0.1	0.0130215
16350	4621.295	-0.0824568	0.00390193	0.0126961	45.3573	1005.28	-1082.99	0.1	0.0130215
16400	4621.295	0.00090349	0.0201448	-0.00549701	596.401	806.308	1836.18	0.1	0.0130215
16450	4621.295	0.0999558	0.0397285	-0.260643	-1153.04	905.819	543.936	0.1	0.0130215
16500	4621.295	1.15459	2.68864	0.402737	-1067.59	524.22	-264.987	0.1	0.0130215
16550	4621.295	0.914027	-0.50686	-0.724007	630.511	-853.819	-546.648	0.1	0.0130215
16600	4621.295	-0.384326	-0.163558	0.0155756	1272.54	32.9687	-3529.29	0.1	0.0130215
16650	4621.295	-0.165785	2.71552	-3.17892	700.196	428.208	-339.279	0.1	0.0130215
16700	4621.295	0.143133	-0.0934739	0.0572251	-2710.13	2466.56	2095.89	0.1	0.0130215
16750	4621.295	0.630844	-0.0125667	-0.73679	-722.827	351.865	-257.425	0.1	0.0130215
16800	4621.295	0.00671898	0.0443752	0.0104916	3800.95	5519.5	1976.52	0.1	0.0130215
16850	4621.295	-1.60135	-4.71852	2.30367	-337.203	-61.1391	678.25	0.1	0.0130215
16900	4621.295	-0.0174158	0.0413189	0.146288	315.434	3305.46	1293.05	0.1	0.0130215
16950	4621.295	0.302047	0.0563415	0.34925	328.515	1719.97	847.296	0.1	0.0130215
17000	4621.295	0.00715232	-0.00414637	0.0230966	-103.089	-2254.69	2537.13	0.1	0.0130215
17050	4621.295	0.0795841	0.0970712	0.0802847	913.701	-3518.48	2199.8	0.1	0.0130215
17100	4621.295	0.043055	0.0874626	0.0587637	-244.292	-1438.75	1018.87	0.1	0.0130215
17150	4621.295	0.0414483	-0.0542236	-0.00530822	3624.51	1009.22	-2623.66	0.1	0.0130215
17200	4621.295	-0.0545371	0.00412481	0.0269339	-989.123	-255.745	-320.24	0.1	0.0130215
17250	4621.295	0.0118375	0.0160598	0.0067039	-1908.38	-2974.58	-419.204	0.1	0.0130215
17300	4621.295	0.176247	-0.194599	-0.0276183	-1542.19	587.141	-87.6027	0.1	0.0130215
17350	4621.295	0.0309396	0.0726717	0.12104	284.608	-1689.68	-324.228	0.1	0.0130215
17400	4621.295	0.106041	0.0337988	-0.0195351	-916.461	302.586	-1327.29	0.1	0.0130215
17450	4621.295	-0.0554085	0.0222045	-0.0223819	-466.42	955.356	509.288	0.1	0.0130215
17500	4621.295	-0.407575	2.69833	1.23427	-273.917	292.515	1330.98	0.1	0.0130215
17550	4621.295	-0.00840549	-0.0212267	0.0492576	-124.326	-5074.11	-2901.27	0.1	0.0130215
17600	4621.295	-0.110789	-0.0474229	-0.480453	-738.995	-144.719	-104.079	0.1	0.0130215
17650	4621.295	0.00153399	-0.0359884	0.232322	-3297.4	1625.03	1775.59	0.1	0.0130215
17700	4621.295	0.0417362	0.0826326	-0.00504567	3511.32	260.307	3220.44	0.1	0.0130215
17750	4621.295	-0.0215178	0.0268607	0.140116	-355.001	996.379	-1682.96	0.1	0.0130215
17800	4621.295	0.052526	-0.0463921	-0.0465185	-1862.24	-4735.35	541.735	0.1	0.0130215
17850	4621.295	0.00636868	-0.115332	0.0375831	1247.13	-3050.32	2514.4	0.1	0.0130215
17900	4621.295	0.0570647	0.0234516	0.0113014	1928.94	-4369.16	-1253.98	0.1	0.0130215
17950	4621.295	-0.0419492	0.0812777	-0.0154752	1969.63	3190.81	-2267.06	0.1	0.0130215
18000	4621.295	-0.0866159	0.234493	0.138848	-902.824	1691.34	682.091	0.1	0.0130215
18050	4621.295	0.00152449	0.00713572	0.0117575	926.537	-590.302	793.879	0.1	0.0130215
18100	4621.295	0.800179	-0.399834	-0.143881	-584.589	-1379.06	1410.15	0.1	0.0130215
18150	4621.295	0.507694	-0.150615	0.750957	217.279	-1632.71	347.291	0.1	0.0130215
18200	4621.295	-0.201989	-0.0238859	0.406641	-889.799	-1835.29	-671.764	0.1	0.0130215
18250	4621.295	-0.087401	-0.0303069	0.0574561	279.521	-673.763	866.581	0.1	0.0130215
18300	4621.295	-0.00984126	0.0729261	-0.160113	-1134.13	191.776	-1924.18	0.1	0.0130215
18350	4621.295	0.00354563	0.00065562	-0.0106654	1200.45	6058.86	2551.86	0.1	0.0130215
18400	4621.295	-0.168832	-0.0792733	0.0786149	-2.65301	-1024.67	3.26996	0.1	0.0130215
18450	4621.295	0.0133966	0.0316066	-0.00049633	-745.001	-4462.89	752.463	0.1	0.0130215
18500	4621.295	0.026109	-0.146468	0.460575	1001.59	496.11	593.427	0.1	0.0130215
18550	4621.295	-0.0515452	0.0353356	0.0188526	2695.4	2042.08	1523.16	0.1	0.0130215
18600	4621.295	0.00893465	0.0378521	0.0659394	-3380.76	-1336.44	-4615.3	0.1	0.0130215
18650	4621.295	0.319076	0.048775	-0.0394059	-1843.62	3821.7	-1075.55	0.1	0.0130215
18700	4621.295	0.224108	-0.0697593	-0.111275	1923.34	201.971	-2772.23	0.1	0.0130215
18750	4621.295	0.0167749	-0.0459929	0.114847	-969.303	-241.794	1746.21	0.1	0.0130215
18800	4621.295	0.110436	0.0421847	-0.0112345	315.441	855.525	512.859	0.1	0.0130215
18850	4621.295	-0.907196	-2.50214	2.20794	-416.427	-572.081	-166.256	0.1	0.0130215
18900	4621.295	-0.132375	-0.034643	0.0968196	610.078	-1050.33	474.06	0.1	0.0130215
18950	4621.295	0.26221	-0.649734	-0.200411	-396.355	284.721	-1746.6	0.1	0.0130215
19000	4621.295	0.47382	0.275205	-0.661357	-108.515	310.531	-1426.65	0.1	0.0130215
19050	4621.295	-0.842778	-1.22167	-0.917663	1472.2	816.798	-432.051	0.1	0.0130215
19100	4621.295	-0.351014	-0.178677	-0.19267	-1843.28	-1039.35	1909.98	0.1	0.0130215
19150	4621.295	0.121535	0.131463	0.129732	-947.493	-1034.81	511.909	0.1	0.0130215
19200	4621.295	-0.0197477	0.0503381	0.098336	112.578	1480.14	1802.63	0.1	0.0130215
19250	4621.295	0.00135893	0.0235102	-0.00326903	-772.033	-1727.25	-1866.93	0.1	0.0130215
19300	4621.295	-0.0380552	-0.0104561	-0.125768	-2926.11	1709.68	2090.34	0.1	0.0130215
19350	4621.295	-0.0104284	0.0574001	0.00889971	-1976.86	2875.45	-1033.23	0.1	0.0130215
19400	4621.295	-0.00299294	-0.278071	0.489893	965.372	-1174.69	104.704	0.1	0.0130215
19450	4621.295	0.189252	-0.00109834	0.035376	1542.03	555.344	101.12	0.1	0.0130215
19500	4621.295	-0.157265	0.0405836	-0.00066424	1666.85	-726.374	-2448.65	0.1	0.0130215
19550	4621.295	-0.0158805	-0.00182131	-0.0762008	75.2972	-1501.48	-1325.59	0.1	0.0130215
19600	4621.295	3.93955	9.8191	-18.4359	-198.336	25.727	-94.0527	0.1	0.0130215
19650	4621.295	0.178984	0.471667	0.306814	951.025	1212.12	-526.382	0.1	0.0130215
19700	4621.295	-0.220429	0.0841638	-0.719587	155.031	-2094.52	-916.599	0.1	0.0130215
19750	4621.295	-0.0259942	-0.0330459	-0.015117	-1068.65	268.613	46.2451	0.1	0.0130215
19800	4621.295	0.288972	-0.293764	0.0419076	-576.131	-739.704	-594.337	0.1	0.0130215
19850	4621.295	-0.0554992	0.0495752	-0.00591978	3542.48	446.882	-56.0918	0.1	0.0130215
19900	4621.295	0.0407952	-0.0824353	-0.0926865	890.976	50.6945	1029.5	0.1	0.0130215
19950	4621.295	-0.205794	-0.184602	0.255106	353.699	1087.2	-496.719	0.1	0.0130215
20000	4621.295	-0.0125474	-0.167133	0.108266	-435.089	-1930.88	-1642.92	0.1	0.0130215
20050	4621.295	0.0009746	0.0269391	0.0247582	526.965	2471.45	2920.61	0.1	0.0130215
20100	4621.295	0.0912036	-0.0680251	0.0431144	-1123.95	1195.24	-2905.99	0.1	0.0130215
20150	4621.295	-3.16386	1.37391	-1.45162	-236.468	679.321	538.931	0.1	0.0130215
20200	4621.295	-0.106433	-0.080608	-0.0637098	1971.04	2190.81	2634.33	0.1	0.0130215
20250	4621.295	-0.240181	0.229987	-0.336155	-1115.01	-292.85	742.468	0.1	0.0130215
20300	4621.295	0.0348539	-0.00206482	-0.0523595	-143.745	1876.57	5236.0	0.1	0.0130215
20350	4621.295	0.141873	-0.458501	0.54526	-759.547	185.153	28.781	0.1	0.0130215
20400	4621.295	-0.0274755	0.00267061	0.0335328	-293.232	-1226.58	2421.68	0.1	0.0130215
20450	4621.295	0.0901559	-0.0287302	-0.00421497	2540.88	195.018	-610.231	0.1	0.0130215
20500	4621.295	0.00822405	-0.0582632	-0.0356139	699.675	498.762	-1562.93	0.1	0.0130215
20550	4621.295	0.0213961	0.0228377	0.04014	1555.71	-624.697	547.027	0.1	0.0130215
20600	4621.295	0.0699002	0.0462208	-0.0200991	-1187.22	238.496	1796.27	0.1	0.0130215
20650	4621.295	0.0122102	0.0361174	-0.0284431	-125.258	-2068.6	-201.333	0.1	0.0130215
20700	4621.295	-0.0450813	-0.0196973	0.0525791	-1760.32	2148.27	-729.254	0.1	0.0130215
20750	4621.295	-0.0374318	0.0195452	-0.0289837	2804.75	155.432	881.304	0.1	0.0130215
20800	4621.295	-0.0789155	-0.0413503	0.0236285	-965.216	3543.47	-52.5968	0.1	0.0130215
20850	4621.295	-0.0555895	-0.0356779	-0.00690255	-275.679	-3369.62	1890.34	0.1	0.0130215
20900	4621.295	0.24149	-1.47268	0.856526	-745.603	-1478.5	618.74	0.1	0.0130215
20950	4621.295	0.108003	0.0324616	0.0286456	3511.64	-1363.55	1933.27	0.1	0.0130215
21000	4621.295	-1.19694	-1.44212	-0.0921922	828.475	-1.28472	-1028.96	0.1	0.0130215
21050	4621.295	-0.0911303	0.0555298	0.0188579	40.6152	839.76	-4517.3	0.1	0.0130215
21100	4621.295	-9.60347	-6.75231	1.3268	180.979	-224.566	32.3547	0.1	0.0130215
21150	4621.295	0.00358443	0.0764159	-0.134667	-1688.96	-2699.64	62.7341	0.1	0.0130215
21200	4621.295	-1.42058	2.30545	1.08975	204.984	-868.281	367.036	0.1	0.0130215
21250	4621.295	0.316827	-0.304758	-0.0536215	2494.96	1096.26	1910.8	0.1	0.0130215
21300	4621.295	-0.0383299	-0.327065	-0.18658	-2518.38	-827.923	-1581.38	0.1	0.0130215
21350	4621.295	-0.251405	0.130065	-0.00341127	42.7811	646.677	-927.587	0.1	0.0130215
21400	4621.295	0.045444	0.0474478	-0.0209556	-2301.81	710.563	931.84	0.1	0.0130215
21450	4621.295	-1.28842	-0.950823	-0.174156	246.564	250.392	390.042	0.1	0.0130215
21500	4621.295	0.0303224	0.00835526	-0.0135353	1210.55	-1104.6	1682.78	0.1	0.0130215
21550	4621.295	-0.0833559	-0.0809107	-0.526416	4.56477	897.266	-870.364	0.1	0.0130215
21600	4621.295	0.0407726	0.0302375	-0.0483471	-74.474	5624.7	-940.307	0.1	0.0130215
21650	4621.295	-0.0192021	0.0972528	0.0894643	2996.11	-1192.61	-747.015	0.1	0.0130215
21700	4621.295	0.117351	-0.12712	-0.00177822	541.705	-745.77	-38.1554	0.1	0.0130215
21750	4621.295	-0.0264168	-0.00646271	-0.0407264	-839.726	1683.91	-168.744	0.1	0.0130215
21800	4621.295	0.00482154	-0.0237593	0.0352569	-5244.4	1043.67	3633.91	0.1	0.0130215
21850	4621.295	0.0775633	-0.129426	-0.12252	-4.6026	-906.552	1137.46	0.1	0.0130215
21900	4621.295	0.15205	0.0610792	0.123373	433.143	-929.166	1077.49	0.1	0.0130215
21950	4621.295	-0.0323201	-0.0127758	-0.00159673	-2042.14	7737.05	-1714.53	0.1	0.0130215
22000	4621.295	-0.0413948	0.0184979	0.0355911	662.09	2194.85	3210.08	0.1	0.0130215
22050	4621.295	0.149639	-0.0384741	0.0214307	-933.029	-3010.14	-3333.47	0.1	0.0130215
22100	4621.295	0.0205079	-0.0437268	0.0345269	1194.42	2.4052	-1479.08	0.1	0.0130215
22150	4621.295	0.0400616	-0.0257577	-5.555e-05	4846.49	1878.14	-5290.57	0.1	0.0130215
22200	4621.295	-0.022343	0.00853887	-0.00113655	1462.1	3025.74	1144.93	0.1	0.0130215
22250	4621.295	0.0490498	0.0590199	0.0433189	2312.88	-1475.44	4360.15	0.1	0.0130215
22300	4621.295	0.0241093	0.0870083	0.209656	1075.63	-644.947	2112.55	0.1	0.0130215
22350	4621.295	0.0371477	0.132064	0.00314533	577.463	752.943	-957.718	0.1	0.0130215
22400	4621.295	0.0316057	0.119796	0.241915	639.51	-372.773	42.2079	0.1	0.0130215
22450	4621.295	7.094e-05	-0.0179451	-0.0141407	-974.332	878.552	-1943.54	0.1	0.0130215
22500	4621.295	-0.0517094	0.200301	0.147411	-1016.66	77.5235	1043.53	0.1	0.0130215
22550	4621.295	-0.210094	0.274891	-0.261018	3112.35	-2371.67	-214.803	0.1	0.0130215
22600	4621.295	-0.0441256	0.0420429	-0.018524	-2093.06	1279.6	-108.008	0.1	0.0130215
22650	4621.295	0.629617	0.75958	0.343495	333.673	468.432	512.018	0.1	0.0130215
22700	4621.295	-0.0399864	-0.12195	0.0230343	616.65	-2775.74	-2069.12	0.1	0.0130215
22750	4621.295	0.039394	-0.142819	0.00082341	2187.58	3071.84	1652.96	0.1	0.0130215
22800	4621.295	0.36455	0.390045	-0.00961201	-186.207	1856.13	-1958.03	0.1	0.0130215
22850	4621.295	0.491894	0.265053	-0.220851	578.705	218.715	-1804.28	0.1	0.0130215
22900	4621.295	0.054307	-0.0469172	-0.065828	-259.068	-1496.32	2146.87	0.1	0.0130215
22950	4621.295	0.00637047	-0.00879912	-0.00480637	3901.92	629.155	-5.35297	0.1	0.0130215
23000	4621.295	-0.030463	0.0167972	0.187402	-36.4619	805.089	-1233.2	0.1	0.0130215
23050	4621.295	-0.121149	0.382831	-0.0254127	-985.962	-660.873	-328.265	0.1	0.0130215
23100	4621.295	0.181201	-0.00635692	-0.0404567	-2773.88	403.972	1651.85	0.1	0.0130215
23150	4621.295	5.92717	-3.77763	3.29846	308.727	1.6149	-210.303	0.1	0.0130215
23200	4621.295	0.0144469	-0.0458916	-0.0233967	-1100.38	5111.07	-1598.93	0.1	0.0130215
23250	4621.295	-0.0283429	-0.0135879	0.00716831	1768.75	-1173.71	-1385.56	0.1	0.0130215
23300	4621.295	0.0963853	-0.184291	0.27991	867.005	-1581.29	-47.2932	0.1	0.0130215
23350	4621.295	0.594787	-0.449525	-0.281045	604.277	-1234.82	805.683	0.1	0.0130215
23400	4621.295	-0.245229	-0.209597	-0.549114	728.42	-1276.54	1441.56	0.1	0.0130215
23450	4621.295	0.029922	0.121414	-0.151156	-57.3516	-1495.92	-948.686	0.1	0.0130215
23500	4621.295	-0.0335569	0.06193	0.0406862	146.91	1467.45	-814.957	0.1	0.0130215
23550	4621.295	-0.119543	0.0159852	-0.0299843	-492.793	-2268.51	1771.04	0.1	0.0130215
23600	4621.295	0.264203	-0.260324	-0.492854	-694.883	-466.164	131.87	0.1	0.0130215
23650	4621.295	0.770144	-2.31276	0.0845078	-268.128	-538.618	-251.102	0.1	0.0130215
23700	4621.295	-0.102005	-0.0552388	-0.0991918	374.815	-3128.52	-3358.71	0.1	0.0130215
23750	4621.295	0.074097	-0.0552984	-0.257957	1488.65	-70.3829	150.255	0.1	0.0130215
23800	4621.295	-0.356377	-0.693503	-0.145557	-1599.77	-161.405	-1418.19	0.1	0.0130215
23850	4621.295	0.0337659	0.0571481	-0.111031	-2892.13	892.848	-44.9955	0.1	0.0130215
23900	4621.295	0.00365218	0.0140743	-0.0180921	2327.89	657.189	29.2082	0.1	0.0130215
23950	4621.295	0.151729	-1.91275	-2.11167	197.481	-460.014	241.863	0.1	0.0130215
24000	4621.295	-0.896584	-0.295575	-0.062729	229.088	2373.17	-1014.89	0.1	0.0130215
24050	4621.295	-0.169793	0.00426128	0.129047	-988.8	-1074.1	2923.07	0.1	0.0130215
24100	4621.295	0.00903526	-0.0141202	-0.00135286	-1.57024	4875.73	-1607.38	0.1	0.0130215
24150	4621.295	-0.0217681	-0.0259474	-0.414183	19.1629	-336.176	289.781	0.1	0.0130215
24200	4621.295	-0.0500067	0.244935	-0.0977061	1919.47	96.6994	-307.121	0.1	0.0130215
24250	4621.295	0.022327	-0.00731079	0.00705054	4588.07	-1595.84	-2285.95	0.1	0.0130215
24300	4621.295	-0.0393289	-0.0232877	-0.0118609	-4199.82	563.404	-1952.42	0.1	0.0130215
24350	4621.295	0.368912	-0.264019	0.0399984	1641.24	155.522	-588.785	0.1	0.0130215
24400	4621.295	-0.0054588	-0.0632449	0.0575757	-1409.17	-636.945	-495.444	0.1	0.0130215
24450	4621.295	0.071667	0.0333784	-0.0620803	2170.97	2922.12	1646.82	0.1	0.0130215
24500	4621.295	0.419619	0.0957109	-9.55587	813.375	-192.568	428.433	0.1	0.0130215
24550	4621.295	0.111795	-0.00055381	-0.0323723	2080.65	1401.89	1018.57	0.1	0.0130215
24600	4621.295	0.152061	0.175098	0.290631	-1387.66	1841.87	1183.31	0.1	0.0130215
24650	4621.295	0.0245097	0.00389955	-0.00530501	-1925.89	2544.64	-3182.88	0.1	0.0130215
24700	4621.295	-4.49083	10.2838	-3.22045	-245.882	-212.526	555.552	0.1	0.0130215
24750	4621.295	1.28274	0.943533	-5.9934	520.289	-415.22	26.1415	0.1	0.0130215
24800	4621.295	0.225081	0.0519828	-0.157481	-852.569	192.914	-1330.69	0.1	0.0130215
24850	4621.295	0.269629	-0.287858	0.628481	1053.53	149.584	878.934	0.1	0.0130215
24900	4621.295	0.031175	-0.0895284	-0.0715749	2080.39	-3725.74	-376.363	0.1	0.0130215
24950	4621.295	0.0681717	-0.0184478	-0.0470415	-3059.56	1094.67	3355.37	0.1	0.0130215
25000	4621.295	-0.0984427	-0.113637	-0.0565531	4026.43	996.321	2237.39	0.1	0.0130215
25050	4621.295	0.041166	-0.0735776	-0.105083	-1552.72	1310.17	1846.78	0.1	0.0130215
25100	4621.295	0.173907	0.011347	0.0815157	-2226.3	2245.96	-452.833	0.1	0.0130215
25150	4621.295	0.114654	-0.209863	0.0832322	2145.72	2050.61	-52.5315	0.1	0.0130215
25200	4621.295	-0.00227366	-0.0147692	0.00819059	-1406.27	3190.21	-2856.58	0.1	0.0130215
25250	4621.295	6.98556	2.94639	-3.30139	180.197	543.799	660.749	0.1	0.0130215
25300	4621.295	0.449532	-1.42115	-0.772505	325.805	80.4426	-939.443	0.1	0.0130215
25350	4621.295	-0.15622	0.149927	-0.0975527	619.269	-2194.15	-1831.25	0.1	0.0130215
25400	4621.295	-0.007491	0.00171436	-0.0009344	3293.34	253.766	-4402.73	0.1	0.0130215
25450	4621.295	0.0164862	0.0405776	-0.0381073	5470.94	102.933	-1577.15	0.1	0.0130215
25500	4621.295	0.140195	0.970555	0.0369586	1210.97	-197.929	1022.52	0.1	0.0130215
25550	4621.295	1.69647	-0.347129	-1.89905	-388.457	-441.465	-779.679	0.1	0.0130215
25600	4621.295	0.189832	0.0991887	0.207658	1248.58	-358.032	976.881	0.1	0.0130215
25650	4621.295	-0.121391	0.0723041	-0.208829	-372.351	85.2139	-429.961	0.1	0.0130215
25700	4621.295	0.15279	0.0602681	0.0700397	-1707.44	1662.43	-521.004	0.1	0.0130215
25750	4621.295	0.0799972	-0.0475439	-0.0728838	-507.738	-6348.22	-1126.73	0.1	0.0130215
25800	4621.295	-0.287725	0.127092	0.322246	1989.01	1019.88	-495.903	0.1	0.0130215
25850	4621.295	0.0622894	-0.956756	-0.27	1296.48	-749.106	1200.88	0.1	0.0130215
25900	4621.295	0.394187	-1.29323	-0.927444	382.925	-28.494	423.96	0.1	0.0130215
25950	4621.295	-0.258626	0.107747	0.112093	-733.592	1218.72	1904.8	0.1	0.0130215
26000	4621.295	-0.295987	-0.354512	-0.107958	652.363	-549.147	548.351	0.1	0.0130215
26050	4621.295	-0.498601	-0.430345	0.328037	-173.377	-503.111	817.845	0.1	0.0130215
26100	4621.295	0.135377	-0.0573745	-0.0177057	1749.29	-3903.53	1489.73	0.1	0.0130215
26150	4621.295	-0.0616595	-0.113929	-0.0212306	3234.74	-3256.26	2408.66	0.1	0.0130215
26200	4621.295	-0.641467	-0.976645	-0.551781	938.114	-6.83749	-649.091	0.1	0.0130215
26250	4621.295	0.0661811	-0.04928	-0.0256659	798.955	-1589.83	1491.51	0.1	0.0130215
26300	4621.295	0.0342739	0.0212049	0.00404024	2139.34	-522.894	1462.73	0.1	0.0130215
26350	4621.295	-0.0765846	-0.0110696	0.00255998	2703.14	-658.066	2296.42	0.1	0.0130215
26400	4621.295	-0.00417865	-0.101638	-0.0837439	-825.974	233.635	-3757.22	0.1	0.0130215
26450	4621.295	0.00367293	0.00205411	0.00804893	3492.95	3809.86	-3656.04	0.1	0.0130215
26500	4621.295	-0.366811	-0.0969057	-0.108468	-377.399	1086.53	2040.87	0.1	0.0130215
26550	4621.295	0.0545832	-0.0924049	-0.00560243	-692.571	600.088	-704.533	0.1	0.0130215
26600	4621.295	-0.0568539	0.157051	0.20793	-295.175	1457.55	-2001.69	0.1	0.0130215
26650	4621.295	-0.0120696	0.0580927	0.0877377	-9.98154	1082.07	-415.764	0.1	0.0130215
26700	4621.295	-0.0373305	-0.862392	0.777527	359.098	-154.097	730.977	0.1	0.0130215
26750	4621.295	0.0121372	0.0119366	-0.00427936	1277.28	2615.48	-864.322	0.1	0.0130215
26800	4621.295	-0.00265014	-0.149082	-0.33752	360.656	-2347.84	-524.193	0.1	0.0130215
26850	4621.295	0.00602746	0.110636	-0.0386992	-1312.59	1789.35	-472.749	0.1	0.0130215
26900	4621.295	-0.452157	0.785067	-0.152724	246.222	-21.4033	661.425	0.1	0.0130215
26950	4621.295	-1.47981	0.201536	-0.41222	-273.658	341.668	-289.689	0.1	0.0130215
27000	4621.295	0.0613914	0.13203	-0.122787	2025.12	286.176	2398.71	0.1	0.0130215
27050	4621.295	0.108089	-0.305828	0.0678405	-1424.56	584.31	-129.092	0.1	0.0130215
27100	4621.295	-0.00292237	-0.0554838	0.00486694	-1439.22	1023.1	1099.65	0.1	0.0130215
27150	4621.295	0.0122882	0.0214334	-0.00768334	1829.33	-237.45	566.435	0.1	0.0130215
27200	4621.295	0.084632	0.0589978	-0.0101885	518.569	3584.76	-182.194	0.1	0.0130215
27250	4621.295	0.00199975	0.0843059	-0.0706585	-2610.02	3485.33	-3446.48	0.1	0.0130215
27300	4621.295	0.124516	-0.203431	-0.132673	-749.416	969.465	-306.382	0.1	0.0130215
27350	4621.295	-0.110377	-0.108824	-0.0544708	-1280.96	-347.506	-1057.32	0.1	0.0130215
27400	4621.295	-0.0260752	0.0363318	-0.0801595	1225.23	3255.59	-1547.07	0.1	0.0130215
27450	4621.295	0.0570783	-0.113027	0.0312661	-1886.88	2378.96	-161.932	0.1	0.0130215
27500	4621.295	0.126449	0.0757689	-0.0534947	601.552	329.031	-1216.21	0.1	0.0130215
27550	4621.295	1.2754	1.0178	-0.299652	-1418.29	1181.76	179.7	0.1	0.0130215
27600	4621.295	-0.301178	0.0975127	0.0135681	-1100.3	-114.372	-762.691	0.1	0.0130215
27650	4621.295	-0.0417563	-0.0537058	-0.0270972	2029.3	-236.83	-706.893	0.1	0.0130215
27700	4621.295	0.185895	0.105868	-0.445611	2110.31	1128.79	1664.47	0.1	0.0130215
27750	4621.295	0.0771378	-0.149439	-0.118352	-971.923	-2491.48	3520.51	0.1	0.0130215
27800	4621.295	0.561234	1.59201	0.556232	-901.295	-469.492	36.5713	0.1	0.0130215
27850	4621.295	0.200912	-0.250897	0.0914347	-1173.57	-829.033	-363.381	0.1	0.0130215
27900	4621.295	-0.0431727	0.0348311	0.00472358	-2357.62	-1562.33	1002.23	0.1	0.0130215
27950	4621.295	0.279316	-0.478333	0.00248603	-2383.18	23.8647	-2052.5	0.1	0.0130215
28000	4621.295	-0.0237017	0.137079	-0.11035	2124.14	-264.651	-293.151	0.1	0.0130215
28050	4621.295	-0.311562	0.263818	0.0886545	-2588.69	1332.62	945.719	0.1	0.0130215
28100	4621.295	0.119347	0.0930141	-0.0386791	4255.32	1925.86	-3429.8	0.1	0.0130215
28150	4621.295	-0.731277	-0.592761	0.120551	-575.588	-1275.24	408.308	0.1	0.0130215
28200	4621.295	-0.0776857	-0.00452624	0.00602755	-140.095	1696.64	-3751.68	0.1	0.0130215
28250	4621.295	-0.0382386	0.0185183	-0.0936479	-1551.77	945.756	-373.766	0.1	0.0130215
28300	4621.295	-0.0821647	0.0103166	-0.0685184	457.772	2048.06	1820.55	0.1	0.0130215
28350	4621.295	-0.0891566	0.0641099	-0.0380614	-1026.02	-3128.17	-5232.73	0.1	0.0130215
28400	4621.295	0.185487	-0.248657	0.224998	-292.464	-1752.08	517.962	0.1	0.0130215
28450	4621.295	0.0035022	0.00306494	0.00584562	163.266	-1485.76	2482.92	0.1	0.0130215
28500	4621.295	-0.351351	1.26479	1.13529	-282.782	-320.76	-798.659	0.1	0.0130215
28550	4621.295	-0.028931	0.0820716	-0.0499521	-2080.56	5155.71	-1724.24	0.1	0.0130215
28600	4621.295	0.00934862	-0.0182562	-0.0393313	-34.08	-3531.09	3025.21	0.1	0.0130215
28650	4621.295	-0.901093	0.00915748	-0.322401	455.983	264.934	-934.655	0.1	0.0130215
28700	4621.295	0.0100518	0.0124036	0.00745047	-2309.16	-612.743	4257.15	0.1	0.0130215
28750	4621.295	-0.00011463	0.010458	0.00990842	2724.62	4941.68	-2513.31	0.1	0.0130215
28800	4621.295	0.190806	-0.048648	-0.0490645	-1150.26	-3146.19	-1462.45	0.1	0.0130215
28850	4621.295	0.0222907	0.37506	0.0923427	-1094.97	-127.247	547.743	0.1	0.0130215
28900	4621.295	-0.508403	-0.562731	2.26579	-629.824	208.901	-110.194	0.1	0.0130215
28950	4621.295	0.0547142	-0.130312	0.114253	-382.169	-418.097	979.522	0.1	0.0130215
29000	4621.295	-0.285206	-0.0956977	-0.183268	-1872.55	-2967.73	-973.287	0.1	0.0130215
29050	4621.295	-0.0914663	-0.118365	0.048085	287.727	-583.35	664.762	0.1	0.0130215
29100	4621.295	0.016242	0.0531804	0.0791364	151.357	-1356.25	1588.61	0.1	0.0130215
29150	4621.295	-2.58783	-2.30852	-2.08054	268.42	70.0646	234.568	0.1	0.0130215
29200	4621.295	0.00189887	0.00540208	0.0160972	2420.64	1035.22	1697.47	0.1	0.0130215
29250	4621.295	-0.266028	-0.545568	0.0486359	-302.794	590.769	1332.84	0.1	0.0130215
29300	4621.295	0.133565	0.334087	0.0249834	2456.39	1818.81	-2299.2	0.1	0.0130215
29350	4621.295	-0.0829317	-0.0296135	-0.0659683	-1873.07	-1779.09	1212.77	0.1	0.0130215
29400	4621.295	-1.44711	0.823039	0.731146	-372.851	913.568	-839.884	0.1	0.0130215
29450	4621.295	-0.370036	0.066611	0.00348433	1113.63	1058.56	582.049	0.1	0.0130215
29500	4621.295	0.0484626	-0.225545	-0.187626	-447.514	-461.977	467.625	0.1	0.0130215
29550	4621.295	-0.183001	-0.148237	0.736554	1045.87	324.727	-685.495	0.1	0.0130215
29600	4621.295	1.90843	1.05654	-1.10705	-938.384	667.845	-25.3329	0.1	0.0130215
29650	4621.295	-0.0372211	-0.0115613	0.007892	-4806.18	-2944.18	326.805	0.1	0.0130215
29700	4621.295	-0.241809	-0.0705703	-0.325167	24.6696	-452.485	829.162	0.1	0.0130215
29750	4621.295	0.0607126	0.0417956	0.016095	-650.138	-2687.48	-6558.39	0.1	0.0130215
29800	4621.295	-0.0313942	0.0913538	-0.0687654	-3487.13	1021.43	114.334	0.1	0.0130215
29850	4621.295	-0.00946635	-0.00132442	0.0052421	-3411.84	-252.086	-2843.87	0.1	0.0130215
29900	4621.295	-0.0784603	0.100753	-0.0311402	-1529.32	164.777	-1649.42	0.1	0.0130215
29950	4621.295	-0.142604	-0.0489458	-0.0617621	554.106	193.513	112.782	0.1	0.0130215
30000	4621.295	0.230281	0.408067	-0.616891	-497.817	22.6652	-236.218	0.1	0.0130215
30050	4621.295	-0.485361	0.0770111	0.136539	2559.25	22.4615	2721.11	0.1	0.0130215
30100	4621.295	0.00317409	-0.00127491	-0.00504719	-1384.04	-2267.48	4157.96	0.1	0.0130215
30150	4621.295	0.165992	0.134187	0.198347	2600.74	93.1351	1304.04	0.1	0.0130215
30200	4621.295	-0.03431	-0.250438	0.282806	429.606	-197.65	530.786	0.1	0.0130215
30250	4621.295	-0.12397	0.0831034	-0.145167	352.161	1472.17	-440.315	0.1	0.0130215
30300	4621.295	-0.299659	0.092162	-0.137559	-468.68	-1960.16	-159.998	0.1	0.0130215
30350	4621.295	-0.0694728	0.302954	0.0741144	1110.41	399.691	2473.85	0.1	0.0130215
30400	4621.295	-5.68637	-2.45624	-8.05805	-18.1805	-359.242	-223.928	0.1	0.0130215
30450	4621.295	-0.175447	1.05831	0.470391	512.324	440.887	1998.3	0.1	0.0130215
30500	4621.295	1.26836	0.702475	0.546077	-550.963	1024.47	-628.281	0.1	0.0130215
30550	4621.295	-0.730096	-0.115076	0.690846	-860.554	-363.747	-84.5719	0.1	0.0130215
30600	4621.295	-0.356495	-0.151692	-0.516336	69.7222	-362.233	371.484	0.1	0.0130215
30650	4621.295	3.17575	1.62627	-6.05207	-447.782	461.608	-228.224	0.1	0.0130215
30700	4621.295	0.758739	1.00013	-0.175842	-848.009	-947.889	-450.21	0.1	0.0130215
30750	4621.295	-0.0315066	0.00851157	0.00743293	1582.46	1642.95	1956.9	0.1	0.0130215
30800	4621.295	-0.110018	-0.0122478	0.0186864	2203.3	3658.91	-477.258	0.1	0.0130215
30850	4621.295	0.101322	0.103728	-0.156003	-304.202	-386.177	-290.006	0.1	0.0130215
30900	4621.295	0.02629	-0.0284601	-0.0865457	517.49	-4101.11	281.55	0.1	0.0130215
30950	4621.295	0.0540031	0.0160964	-0.0280475	-258.378	-143.34	962.176	0.1	0.0130215
31000	4621.295	-0.00180676	-0.0187188	0.01402	-18.1566	4860.16	2667.9	0.1	0.0130215
31050	4621.295	-0.0590975	0.0162235	0.0284576	1027.54	-4106.35	1220.52	0.1	0.0130215
31100	4621.295	-0.120452	-0.135719	0.0646602	1460.35	-2153.4	10.0938	0.1	0.0130215
31150	4621.295	0.00220944	0.00133904	-0.00359478	1278.65	1161.03	-30.1527	0.1	0.0130215
31200	4621.295	0.0470084	0.00019385	-0.00166511	-3442.59	-2997.14	-2430.82	0.1	0.0130215
31250	4621.295	-7.70038	-1.13375	2.73625	205.524	704.626	-66.5524	0.1	0.0130215
31300	4621.295	-0.151449	-0.00195767	-0.28332	-193.964	-336.765	1829.23	0.1	0.0130215
31350	4621.295	-0.263136	0.270395	-0.112133	747.524	977.263	658.357	0.1	0.0130215
31400	4621.295	0.0534381	-0.00840052	-0.00320047	3167.11	-219.113	-619.922	0.1	0.0130215
31450	4621.295	0.0527187	-0.0430177	-0.0447647	-759.038	-564.747	3896.89	0.1	0.0130215
31500	4621.295	-0.0756438	-0.0232536	0.198681	311.391	3160.1	2003.66	0.1	0.0130215
31550	4621.295	0.00763252	-0.00714285	0.0197734	5523.4	-1016.86	3841.63	0.1	0.0130215
31600	4621.295	-0.0913152	0.0222284	0.0816764	297.184	1903.9	-240.96	0.1	0.0130215
31650	4621.295	-0.301665	-0.273151	-0.292832	46.0877	340.105	-2721.77	0.1	0.0130215
31700	4621.295	-0.0518738	-0.171052	-0.131551	1180.09	-94.5632	-655.122	0.1	0.0130215
31750	4621.295	0.0956747	-0.248575	-0.134982	2904.48	-529.627	1399.05	0.1	0.0130215
31800	4621.295	0.0500876	-0.0258258	-0.0556062	-3638.52	1569.84	1749.19	0.1	0.0130215
31850	4621.295	0.59569	0.264169	0.22773	-1582.97	-1175.8	710.896	0.1	0.0130215
31900	4621.295	0.126512	-0.202134	-0.172455	1086.88	-365.59	-335.402	0.1	0.0130215
31950	4621.295	0.180213	0.113713	-0.0417696	1365.2	2332.52	-575.913	0.1	0.0130215
32000	4621.295	0.0348118	0.048034	-0.0428806	-202.504	-2996.92	-1833.07	0.1	0.0130215
32050	4621.295	-0.00227147	-0.119579	-0.13668	-468.807	1306.98	1346.41	0.1	0.0130215
32100	4621.295	1.20344	0.330586	0.0633925	-34.691	290.441	313.107	0.1	0.0130215
32150	4621.295	0.268163	0.234645	0.529933	-224.642	156.868	454.973	0.1	0.0130215
32200	4621.295	2.80075	2.05149	-0.994587	-179.98	-520.941	473.095	0.1	0.0130215
32250	4621.295	-1.15992	0.676291	-0.463818	292.145	956.74	1786.53	0.1	0.0130215
32300	4621.295	-0.0224233	0.0297225	0.0260775	-4806.85	1624.94	-875.862	0.1	0.0130215
32350	4621.295	0.00894404	-0.0063792	0.026981	-1665.36	-657.373	3272.61	0.1	0.0130215
32400	4621.295	-0.35782	-0.877583	-1.53707	757.23	640.897	1245.0	0.1	0.0130215
32450	4621.295	0.00301755	0.0479246	-0.0690586	-2420.93	-4035.71	612.557	0.1	0.0130215
32500	4621.295	-0.786637	-0.514049	0.586572	-1808.09	-1022.17	-456.401	0.1	0.0130215
32550	4621.295	0.00897266	-0.229958	0.139849	1099.61	2623.78	2484.34	0.1	0.0130215
32600	4621.295	-0.420808	-0.150884	0.0477998	487.583	-664.143	34.296	0.1	0.0130215
32650	4621.295	1.70305	2.60557	-1.74981	-549.83	198.283	1417.01	0.1	0.0130215
32700	4621.295	-0.0651893	0.03081	0.0181651	-486.318	-4100.9	-3931.24	0.1	0.0130215
32750	4621.295	-0.0182791	-0.0205268	-0.0119421	-253.238	410.267	-121.969	0.1	0.0130215
32800	4621.295	0.0562048	-0.131877	0.310043	-1548.32	2038.05	405.474	0.1	0.0130215
32850	4621.295	0.676745	-1.76131	2.21246	-415.827	-344.689	-558.728	0.1	0.0130215
32900	4621.295	-0.0335943	0.0294612	-0.150109	-1291.46	208.059	2803.01	0.1	0.0130215
32950	4621.295	1.34409	-0.660637	-1.9566	28.8754	-329.947	1083.25	0.1	0.0130215
33000	4621.295	0.0123851	0.175947	0.0505304	374.281	-1010.09	154.542	0.1	0.0130215
33050	4621.295	-0.18692	0.0748291	0.0672679	1725.45	1093.31	2361.29	0.1	0.0130215
33100	4621.295	0.019019	0.0286646	0.00876917	-5827.44	1828.53	-4420.4	0.1	0.0130215
33150	4621.295	0.00552896	0.734235	-0.794158	1251.61	-185.63	-293.792	0.1	0.0130215
33200	4621.295	-0.463002	0.141931	0.451963	-1156.81	413.943	-423.929	0.1	0.0130215
33250	4621.295	0.274089	0.241715	0.13377	-271.786	1616.41	3460.96	0.1	0.0130215
33300	4621.295	-0.867107	0.475053	0.156793	-820.102	-1046.66	-129.469	0.1	0.0130215
33350	4621.295	0.0159639	-0.00134054	-0.0686963	-1296.31	1603.07	-187.894	0.1	0.0130215
33400	4621.295	-0.134036	0.114415	0.0518166	-392.037	-1120.33	-664.445	0.1	0.0130215
33450	4621.295	-0.0180753	0.092696	0.0731134	525.327	-1928.05	-1818.73	0.1	0.0130215
33500	4621.295	0.161154	0.14349	0.212322	-2525.66	857.531	1723.3	0.1	0.0130215
33550	4621.295	0.0320851	-0.0139036	0.0736068	831.147	1629.16	3029.62	0.1	0.0130215
33600	4621.295	-0.0669297	-0.0180016	-0.0191785	2846.41	726.987	-116.276	0.1	0.0130215
33650	4621.295	-0.332815	0.586039	0.286936	-1378.42	995.1	1236.09	0.1	0.0130215
33700	4621.295	0.0709464	0.1493	0.10501	3190.27	-2698.05	940.318	0.1	0.0130215
33750	4621.295	0.00746639	0.0218152	0.00862246	1140.44	3082.03	-868.817	0.1	0.0130215
33800	4621.295	-2.42369	0.718726	0.462622	-554.954	-254.145	174.532	0.1	0.0130215
33850	4621.295	-0.038725	0.361106	0.0123324	-1550.01	-204.019	2231.43	0.1	0.0130215
33900	4621.295	-0.00875462	-0.0957239	0.0975519	3409.51	-1798.96	-2954.2	0.1	0.0130215
33950	4621.295	0.0653677	-0.284512	0.581704	-1600.75	2348.66	688.712	0.1	0.0130215
34000	4621.295	-0.0456028	0.273299	0.0147776	-215.63	2179.04	-1211.61	0.1	0.0130215
34050	4621.295	0.0224171	-0.199181	-0.0662653	-1471.32	-977.884	623.039	0.1	0.0130215
34100	4621.295	0.0117616	-0.00822791	0.0497203	705.357	2567.35	2091.56	0.1	0.0130215
34150	4621.295	0.0384847	-0.0267323	-0.150287	-2917.58	-383.828	-385.356	0.1	0.0130215
34200	4621.295	-0.21138	0.168981	-0.366751	-2273.53	1171.76	-1187.12	0.1	0.0130215
34250	4621.295	0.161749	0.408845	-0.388533	873.107	103.75	-872.524	0.1	0.0130215
34300	4621.295	-0.0996112	-0.0755137	0.299749	2202.15	2145.6	208.237	0.1	0.0130215
34350	4621.295	0.0220941	-0.0445922	0.0140134	-779.282	-1758.09	-4678.38	0.1	0.0130215
34400	4621.295	-0.0049655	-0.0124453	-0.0305985	1692.16	-1489.27	-1789.71	0.1	0.0130215
34450	4621.295	0.0265089	-0.0238594	-0.07418	-1855.75	1082.99	-4041.51	0.1	0.0130215
34500	4621.295	0.0513506	0.0328496	-0.0449856	2315.55	-1212.53	-748.478	0.1	0.0130215
34550	4621.295	-0.152188	-0.0276017	0.121666	-3520.71	1514.55	-826.166	0.1	0.0130215
34600	4621.295	-0.0612178	0.10939	-0.0473515	-2002.85	1462.14	-895.616	0.1	0.0130215
34650	4621.295	0.0670825	0.0402327	-0.0910465	1555.35	891.682	970.36	0.1	0.0130215
34700	4621.295	-0.102294	0.157156	-0.0139742	1019.05	1645.48	-3099.18	0.1	0.0130215
34750	4621.295	0.0225095	-0.0206721	0.0949783	-3692.87	-2397.16	-918.948	0.1	0.0130215
34800	4621.295	-0.0109906	-0.193883	0.0623291	8.91166	-1451.75	-2885.88	0.1	0.0130215
34850	4621.295	-0.043324	0.24837	0.0292596	1828.64	-1595.05	-13.1269	0.1	0.0130215
34900	4621.295	1.39677	-0.292976	0.645851	1132.71	-518.253	-200.755	0.1	0.0130215
34950	4621.295	0.0359068	0.00911928	0.00164611	-2049.02	1643.86	-249.476	0.1	0.0130215
35000	4621.295	0.0299878	-0.0146487	-0.0201943	-1933.33	-3944.01	-3061.35	0.1	0.0130215
35050	4621.295	-0.0266156	0.0280522	0.0252212	-870.305	-696.612	590.241	0.1	0.0130215
35100	4621.295	0.180144	-0.119554	-0.989293	-179.193	-102.629	1548.6	0.1	0.0130215
35150	4621.295	0.0151856	0.0141096	0.148468	-1168.07	-1395.28	-792.057	0.1	0.0130215
35200	4621.295	-0.026906	0.0516008	0.0816996	-1243.76	-2573.73	-2590.1	0.1	0.0130215
35250	4621.295	-16.0182	4.10895	-3.59653	240.975	547.417	-361.804	0.1	0.0130215
35300	4621.295	0.895751	-0.76187	0.651342	-307.585	1075.69	-630.892	0.1	0.0130215
35350	4621.295	0.0149956	-0.546886	0.395429	372.135	482.616	338.892	0.1	0.0130215
35400	4621.295	0.10034	-0.0310628	-0.0210698	436.267	-226.08	449.767	0.1	0.0130215
35450	4621.295	0.248978	0.0337677	0.132145	-986.298	-2095.76	110.058	0.1	0.0130215
35500	4621.295	-0.221028	0.141609	0.0922312	-2799.98	-1648.0	-411.712	0.1	0.0130215
35550	4621.295	0.172857	0.26904	-0.232891	1987.28	-27.3068	-1022.6	0.1	0.0130215
35600	4621.295	0.115995	-0.108031	-0.0897608	2174.28	-3473.72	-342.419	0.1	0.0130215
35650	4621.295	-0.016771	0.00103829	0.00518404	-1466.83	4757.12	261.428	0.1	0.0130215
35700	4621.295	0.144631	-0.0819546	-0.0388637	4706.44	870.148	70.1835	0.1	0.0130215
35750	4621.295	-0.0264252	-0.0302609	-0.029809	528.682	-1789.61	-192.334	0.1	0.0130215
35800	4621.295	0.0919146	-0.0776194	0.0294582	2277.87	1919.79	1957.13	0.1	0.0130215
35850	4621.295	0.0616945	0.00076933	0.0449451	-97.8067	-3181.24	-365.223	0.1	0.0130215
35900	4621.295	0.707821	-1.47251	-0.47781	-1027.79	-701.397	996.792	0.1	0.0130215
35950	4621.295	0.113915	0.123981	-0.0571496	3857.05	1283.54	-3236.59	0.1	0.0130215
36000	4621.295	-0.231472	0.0175538	-0.00280135	-2340.81	1072.06	1222.15	0.1	0.0130215
36050	4621.295	0.0624905	-0.180566	-0.040122	-2884.45	1467.64	-1029.84	0.1	0.0130215
36100	4621.295	0.00264726	0.00112808	0.00342114	-219.166	-1894.21	613.399	0.1	0.0130215
36150	4621.295	-0.0528441	0.0148791	0.0155677	1520.97	1544.13	2673.62	0.1	0.0130215
36200	4621.295	-0.0329986	-0.0229142	-0.0210814	-562.271	-2514.62	-702.979	0.1	0.0130215
36250	4621.295	-0.0453485	0.0402881	0.0275185	-1250.45	-3441.09	362.714	0.1	0.0130215
36300	4621.295	7.47639	12.9106	10.3947	-208.15	-137.471	-146.237	0.1	0.0130215
36350	4621.295	0.117113	0.112735	-0.13812	1880.45	1758.22	-958.792	0.1	0.0130215
36400	4621.295	-0.0230247	-0.0428126	0.0685909	837.636	-47.5028	1755.57	0.1	0.0130215
36450	4621.295	0.156621	-0.489252	-0.138228	811.794	1918.06	1825.94	0.1	0.0130215
36500	4621.295	1.15162	-0.958649	-1.70123	-264.407	649.516	24.1691	0.1	0.0130215
36550	4621.295	-0.183638	0.033899	0.0367397	-1976.35	-363.479	298.69	0.1	0.0130215
36600	4621.295	-0.0948923	0.16631	-0.218921	-1828.96	1846.09	2054.82	0.1	0.0130215
36650	4621.295	0.069359	-0.0808336	0.186953	305.989	-937.377	-2182.43	0.1	0.0130215
36700	4621.295	0.100281	0.035533	0.19176	-268.91	-1184.62	1935.14	0.1	0.0130215
36750	4621.295	0.0117301	-0.0481036	-0.00046261	-253.825	1565.88	1150.06	0.1	0.0130215
36800	4621.295	-0.0189658	0.111565	0.0244262	-2134.56	-587.284	-7.59272	0.1	0.0130215
36850	4621.295	0.0928304	0.012689	0.034819	1814.51	1123.67	-1413.6	0.1	0.0130215
36900	4621.295	-0.0300411	0.00135454	-0.0323655	3407.22	6660.64	2072.79	0.1	0.0130215
36950	4621.295	-0.166324	0.0167131	-0.209402	-707.201	-61.9049	1042.65	0.1	0.0130215
37000	4621.295	-0.00807209	-0.0133621	0.0264877	-204.886	-1291.63	-1350.09	0.1	0.0130215
37050	4621.295	-0.055345	-0.0463249	0.0875837	1837.23	-3171.47	-3360.46	0.1	0.0130215
37100	4621.295	-0.117482	-0.188635	0.170729	-360.146	4323.24	1901.99	0.1	0.0130215
37150	4621.295	0.0920593	0.148572	-0.0269673	2965.6	-3787.78	-6.53533	0.1	0.0130215
37200	4621.295	0.339722	0.315988	0.701135	782.201	-1064.33	1734.73	0.1	0.0130215
37250	4621.295	0.0946675	-0.00466181	0.0405013	1657.86	-990.999	-1691.3	0.1	0.0130215
37300	4621.295	3.66262	2.0562	1.42262	324.192	692.078	-533.617	0.1	0.0130215
37350	4621.295	-0.00831208	0.00280899	-0.00876559	-538.226	-3363.17	2580.54	0.1	0.0130215
37400	4621.295	0.60899	0.31522	-0.76019	326.142	-223.347	-466.493	0.1	0.0130215
37450	4621.295	-0.064327	-0.138067	-0.0607512	630.666	-231.989	-621.574	0.1	0.0130215
37500	4621.295	-0.166034	-0.0178207	0.518024	2547.85	832.737	-1223.13	0.1	0.0130215
37550	4621.295	0.101717	-0.0824324	0.061825	2647.79	-2033.54	-744.762	0.1	0.0130215
37600	4621.295	-0.0496603	0.120598	0.151779	-410.125	344.577	3011.84	0.1	0.0130215
37650	4621.295	0.257994	0.0590335	0.00184106	-1145.5	69.6882	679.005	0.1	0.0130215
37700	4621.295	-0.199774	-0.185961	-0.132806	-12.753	1213.6	757.135	0.1	0.0130215
37750	4621.295	0.278405	-0.0347386	0.125315	-9.75687	3002.12	-3018.49	0.1	0.0130215
37800	4621.295	-0.0405551	0.0906458	-0.0150951	4178.92	-1661.7	4421.51	0.1	0.0130215
37850	4621.295	-0.133974	0.106651	0.18506	-1514.63	-199.979	-2196.38	0.1	0.0130215
37900	4621.295	-0.0937999	-0.267173	-0.30619	-1193.71	-337.611	-174.278	0.1	0.0130215
37950	4621.295	-0.497773	0.189249	0.263156	-139.714	-968.959	752.978	0.1	0.0130215
38000	4621.295	-0.217869	0.0790414	-0.260726	-960.15	2942.31	-3224.19	0.1	0.0130215
38050	4621.295	-0.00462941	0.0600588	0.236032	1063.84	-684.902	2736.53	0.1	0.0130215
38100	4621.295	4.24489	-6.86357	5.58309	84.3083	177.944	-306.436	0.1	0.0130215
38150	4621.295	0.31362	0.0268311	-0.0638341	1464.0	581.23	-344.741	0.1	0.0130215
38200	4621.295	-0.0056165	0.00463232	0.00104963	2597.87	1424.01	-1999.8	0.1	0.0130215
38250	4621.295	0.038231	-0.0237536	0.0037659	-1922.56	-543.598	1452.18	0.1	0.0130215
38300	4621.295	-0.413363	0.65997	0.752166	-2023.99	1686.55	353.553	0.1	0.0130215
38350	4621.295	0.264724	-0.138248	-0.059161	-530.512	109.718	-3662.83	0.1	0.0130215
38400	4621.295	-0.172105	-0.924022	0.557589	222.0	529.729	1067.42	0.1	0.0130215
38450	4621.295	0.0121082	-0.0124222	-0.0103694	-1308.21	-184.906	1735.71	0.1	0.0130215
38500	4621.295	-0.0270143	0.0200715	-0.0453225	3716.15	2558.82	-4319.7	0.1	0.0130215
38550	4621.295	0.211821	-0.131843	-0.127637	1598.52	148.937	21.793	0.1	0.0130215
38600	4621.295	-0.0185894	-0.0222034	0.0540491	71.0984	2518.29	-2729.99	0.1	0.0130215
38650	4621.295	-0.418472	0.593297	-0.478121	-1814.8	-107.222	284.523	0.1	0.0130215
38700	4621.295	0.139205	0.190169	0.564591	31.9376	510.514	1595.08	0.1	0.0130215
38750	4621.295	0.337611	-0.497874	1.06006	-480.061	-657.94	-1584.98	0.1	0.0130215
38800	4621.295	-0.00022385	-0.00468698	0.036084	1358.85	369.198	1357.75	0.1	0.0130215
38850	4621.295	0.0393394	0.166648	-0.115793	-2544.43	823.685	-1479.23	0.1	0.0130215
38900	4621.295	0.0862032	0.0463173	0.105562	145.798	-1069.23	-1371.89	0.1	0.0130215
38950	4621.295	0.0111995	0.0102121	0.00558358	-3333.21	1452.3	1838.59	0.1	0.0130215
39000	4621.295	0.440058	-0.0388762	0.285698	-1844.8	-662.439	406.236	0.1	0.0130215
39050	4621.295	0.262389	-0.492811	0.173208	-130.663	-1471.34	-57.7418	0.1	0.0130215
39100	4621.295	-0.398773	0.37211	0.415293	-742.771	-439.451	-1418.57	0.1	0.0130215
39150	4621.295	-0.158133	0.0753497	0.540013	-489.658	-722.112	2329.98	0.1	0.0130215
39200	4621.295	-0.050175	0.0345665	0.0222783	393.61	3614.46	1979.7	0.1	0.0130215
39250	4621.295	-19.2137	-3.48046	8.02436	86.0267	-138.279	172.161	0.1	0.0130215
39300	4621.295	0.0338765	-0.00759118	0.0578657	-3582.61	287.609	-1917.31	0.1	0.0130215
39350	4621.295	-0.623888	-0.621064	0.0490556	-124.886	-543.634	-437.625	0.1	0.0130215
39400	4621.295	-0.162694	-2.02762	-0.946669	155.379	-307.48	550.345	0.1	0.0130215
39450	4621.295	0.0143609	-0.038225	0.0172249	-2516.59	-189.176	3252.21	0.1	0.0130215
39500	4621.295	0.311333	-0.0819032	-0.0281363	436.021	2007.67	-3013.04	0.1	0.0130215
39550	4621.295	0.0395631	-0.010575	0.020392	-4515.5	-488.73	-2057.77	0.1	0.0130215
39600	4621.295	0.143791	0.166043	0.183953	472.064	3787.03	862.53	0.1	0.0130215
39650	4621.295	0.117125	-0.0315237	-0.0502524	1084.27	1617.33	15.7248	0.1	0.0130215
39700	4621.295	-0.0131728	0.0304113	0.0244917	-595.114	-1036.79	1081.86	0.1	0.0130215
39750	4621.295	-0.0629982	-0.117473	-0.113296	1882.42	-836.613	-1179.94	0.1	0.0130215
39800	4621.295	-0.0112734	-0.0674211	-0.00917176	-2731.48	-574.243	-1313.53	0.1	0.0130215
39850	4621.295	-0.0548663	0.00296888	-0.0710818	3068.33	1890.61	1387.14	0.1	0.0130215
39900	4621.295	0.0318343	-0.0449323	-0.0192071	1301.22	-236.916	-608.584	0.1	0.0130215
39950	4621.295	-0.296898	-0.0367495	0.0898869	1375.01	-408.973	-101.239	0.1	0.0130215
40000	4621.295	1.2532	-1.1946	-0.8173	-201.5	-4.14414	363.753	0.1	0.0130215
40050	4621.295	0.176982	-0.265158	-0.244	-3020.72	-488.611	1889.99	0.1	0.0130215
40100	4621.295	-0.0290904	-0.19968	-0.178158	2240.24	-237.14	50.2851	0.1	0.0130215
40150	4621.295	0.100841	-0.133271	0.00883551	1156.03	-882.974	-2592.04	0.1	0.0130215
40200	4621.295	-0.160765	-0.283254	0.0526879	1036.37	-775.587	-222.135	0.1	0.0130215
40250	4621.295	0.083202	-0.0916321	-0.0187653	-2083.48	897.311	366.186	0.1	0.0130215
40300	4621.295	0.177535	0.126589	0.10469	2133.57	-1638.41	-1421.4	0.1	0.0130215
40350	4621.295	0.0927343	0.024436	0.056948	1371.39	2845.49	-1412.09	0.1	0.0130215
40400	4621.295	0.71595	-0.969259	0.555743	-204.417	571.691	-147.158	0.1	0.0130215
40450	4621.295	0.00225951	0.0999573	-0.138661	-415.282	-1624.26	-1035.26	0.1	0.0130215
40500	4621.295	0.0405392	0.0624351	-0.0441116	-1144.45	-4112.57	-1343.86	0.1	0.0130215
40550	4621.295	-0.818319	0.418155	-0.348383	-1002.54	1605.59	-247.252	0.1	0.0130215
40600	4621.295	-0.287514	0.207106	-0.0305497	641.84	208.767	677.764	0.1	0.0130215
40650	4621.295	-0.00955628	0.0093254	0.594185	758.817	-436.636	-1400.51	0.1	0.0130215
40700	4621.295	-0.285986	-0.149606	-0.345881	479.113	2231.97	-336.736	0.1	0.0130215
40750	4621.295	-0.198673	-0.182318	-0.934678	-1616.96	-193.46	176.761	0.1	0.0130215
40800	4621.295	-19.5274	12.6758	-44.632	126.152	117.057	155.16	0.1	0.0130215
40850	4621.295	-0.384592	0.494184	0.131563	1198.29	417.544	-1093.97	0.1	0.0130215
40900	4621.295	0.00025189	-0.00416703	-0.0135684	-969.313	-419.84	980.826	0.1	0.0130215
40950	4621.295	0.00350011	-0.0096666	-0.0140478	-4049.4	1346.62	-622.088	0.1	0.0130215
41000	4621.295	-0.00012945	-0.00042238	0.00485416	-477.761	-262.723	4066.37	0.1	0.0130215
41050	4621.295	-0.31757	-0.0870582	0.0963231	-2270.93	-883.645	347.746	0.1	0.0130215
41100	4621.295	0.0239844	0.176663	0.394329	-65.3574	1092.24	802.604	0.1	0.0130215
41150	4621.295	-1.03596	-0.0582171	-0.734712	101.667	-681.906	83.092	0.1	0.0130215
41200	4621.295	0.198661	-0.217526	0.0602	3636.44	-284.889	-2503.33	0.1	0.0130215
41250	4621.295	0.0334182	0.0422838	0.0568649	-1197.45	-934.97	2160.69	0.1	0.0130215
41300	4621.295	0.0514161	-0.0858701	-0.00427857	2990.98	-2293.84	4407.92	0.1	0.0130215
41350	4621.295	-0.0874237	-0.206814	-0.0539413	734.387	2350.61	-1661.94	0.1	0.0130215
41400	4621.295	0.00831542	0.223536	-1.346e-05	-2170.42	-747.737	1858.77	0.1	0.0130215
41450	4621.295	0.333122	-0.893667	-0.195274	599.407	-73.1412	-1490.55	0.1	0.0130215
41500	4621.295	-0.206169	0.15361	0.155473	-259.781	-945.682	-1336.81	0.1	0.0130215
41550	4621.295	0.055302	-0.00656052	0.00263392	-666.347	2343.24	4549.53	0.1	0.0130215
41600	4621.295	-0.578128	0.0075654	0.401464	524.287	373.666	79.5088	0.1	0.0130215
41650	4621.295	0.250467	-0.167885	0.445463	97.3664	-1186.73	375.381	0.1	0.0130215
41700	4621.295	-0.126755	-0.0186119	0.1822	-139.617	-386.164	1009.4	0.1	0.0130215
41750	4621.295	0.0915894	0.225417	-0.197023	-109.7	-1291.73	-1656.32	0.1	0.0130215
41800	4621.295	0.0250481	0.0288902	-0.0191448	-72.5084	2397.33	1099.04	0.1	0.0130215
41850	4621.295	-0.0090038	0.294401	-0.161027	-1728.9	32.4056	645.043	0.1	0.0130215
41900	4621.295	0.163344	0.0347528	-0.111207	1003.85	2258.8	1799.36	0.1	0.0130215
41950	4621.295	0.412365	-0.209473	-0.11819	-1288.2	743.564	454.719	0.1	0.0130215
42000	4621.295	-0.00178359	-0.00208447	-0.00203312	2558.63	166.954	1240.99	0.1	0.0130215
42050	4621.295	-0.0270618	0.141323	-0.0270043	409.85	3968.75	-419.579	0.1	0.0130215
42100	4621.295	-0.0131584	-0.00140869	0.019059	7461.99	-3185.04	-859.725	0.1	0.0130215
42150	4621.295	-0.00607227	-0.0492068	0.0398823	3545.66	177.913	-4257.23	0.1	0.0130215
42200	4621.295	-0.00491348	0.110738	0.0108007	-1079.25	-696.131	531.82	0.1	0.0130215
42250	4621.295	-0.0673592	0.0658145	-0.148752	372.394	2043.38	-1570.65	0.1	0.0130215
42300	4621.295	-0.25092	0.0739786	0.0695109	-2131.39	-868.762	15.2533	0.1	0.0130215
42350	4621.295	0.0453747	0.0331308	-0.0257152	-2271.71	-2699.92	1133.96	0.1	0.0130215
42400	4621.295	0.480274	-0.0387812	0.00336726	-2703.34	1539.92	-2199.52	0.1	0.0130215
42450	4621.295	-0.0087808	0.00162882	-0.00670489	2862.73	-170.445	-3769.8	0.1	0.0130215
42500	4621.295	0.0828752	0.0294469	0.120308	-2415.11	1622.2	3070.49	0.1	0.0130215
42550	4621.295	-0.256412	-0.309571	-0.0901638	373.593	-35.0341	-835.581	0.1	0.0130215
42600	4621.295	-0.805075	-3.67479	0.397562	-330.068	-10.1745	-137.755	0.1	0.0130215
42650	4621.295	-0.0658639	0.0874757	0.00544717	1310.34	1007.64	3774.71	0.1	0.0130215
42700	4621.295	-0.0730889	-0.545838	-0.457579	1336.34	1175.17	-573.375	0.1	0.0130215
42750	4621.295	0.596178	0.198974	-0.35952	-747.708	618.386	547.491	0.1	0.0130215
42800	4621.295	-0.0944601	0.0127277	-0.00382327	2867.58	1620.45	-2722.47	0.1	0.0130215
42850	4621.295	-0.540979	-0.188825	-0.0469392	591.967	1749.22	258.582	0.1	0.0130215
42900	4621.295	-0.617354	5.786	-2.76268	759.687	111.485	210.784	0.1	0.0130215
42950	4621.295	0.0315227	-0.0932733	-0.019545	146.705	-2587.42	-95.2064	0.1	0.0130215
43000	4621.295	-24.992	25.5089	-21.7487	-79.1627	142.971	-401.756	0.1	0.0130215
43050	4621.295	0.0988117	-0.188441	-0.188686	365.335	-139.544	-678.472	0.1	0.0130215
43100	4621.295	0.00163012	0.0841954	0.0307323	1218.66	-1383.16	748.956	0.1	0.0130215
43150	4621.295	0.24809	0.0556519	0.0184342	376.751	556.17	-1354.07	0.1	0.0130215
43200	4621.295	0.0522344	0.337389	-0.136038	334.328	-2508.31	737.534	0.1	0.0130215
43250	4621.295	-0.0933149	-0.278596	-0.257005	-475.068	928.372	-799.314	0.1	0.0130215
43300	4621.295	0.609475	0.181991	0.508322	2055.05	-52.441	190.533	0.1	0.0130215
43350	4621.295	-0.00885502	-0.00651649	0.0100818	-1766.76	1501.98	2530.96	0.1	0.0130215
43400	4621.295	-0.244404	0.0401903	0.19664	-621.588	-1599.18	-742.1	0.1	0.0130215
43450	4621.295	0.0151851	0.00233611	-0.0306398	-416.931	2676.67	3740.93	0.1	0.0130215
43500	4621.295	0.0316744	-0.00521876	0.00771164	595.572	813.388	-219.632	0.1	0.0130215
43550	4621.295	0.420534	-0.0259333	0.379186	33.034	-34.3845	-1534.18	0.1	0.0130215
43600	4621.295	0.00973934	-0.0034533	-0.0108993	1840.96	2115.21	-578.419	0.1	0.0130215
43650	4621.295	0.266287	0.148232	0.0327379	1318.93	937.683	1796.85	0.1	0.0130215
43700	4621.295	-0.0665101	-0.0269166	0.0282492	-181.483	2370.47	1295.25	0.1	0.0130215
43750	4621.295	-0.253296	0.0694277	0.24792	-195.559	1378.57	147.275	0.1	0.0130215
43800	4621.295	-0.00039749	0.0703595	0.0282355	-804.735	-484.615	2758.84	0.1	0.0130215
43850	4621.295	-0.107022	0.094392	-0.179194	-806.822	-1171.18	384.752	0.1	0.0130215
43900	4621.295	1.49089	-1.19215	0.565577	-161.854	1129.03	486.176	0.1	0.0130215
43950	4621.295	-1.45099	-6.06254	10.5734	-315.914	89.1002	-39.6831	0.1	0.0130215
44000	4621.295	-0.244377	0.119615	-0.0191397	-2217.29	2165.2	193.254	0.1	0.0130215
44050	4621.295	0.242141	0.79111	-3.43616	936.967	-507.552	190.625	0.1	0.0130215
44100	4621.295	0.105356	0.0460277	0.0617731	-676.85	5339.21	-3040.54	0.1	0.0130215
44150	4621.295	0.00039366	0.0848401	0.0742308	57.9783	160.935	774.652	0.1	0.0130215
44200	4621.295	0.00160083	0.00587873	-0.00657852	576.445	2433.73	-4232.78	0.1	0.0130215
44250	4621.295	-0.0632031	-0.0305866	0.0175106	1224.48	-1399.59	2386.8	0.1	0.0130215
44300	4621.295	-0.205617	0.157492	-0.257652	2154.82	-198.871	-1138.07	0.1	0.0130215
44350	4621.295	-1.54367	-2.4219	0.14124	1176.33	712.382	-953.875	0.1	0.0130215
44400	4621.295	0.0997494	-0.115255	-0.0376277	1799.04	-1349.26	2250.57	0.1	0.0130215
44450	4621.295	-0.385146	-0.331288	0.00945359	-961.066	1134.29	-1037.57	0.1	0.0130215
44500	4621.295	0.0479177	-0.0449689	-0.0128958	2217.93	-826.451	-596.334	0.1	0.0130215
44550	4621.295	0.0150652	0.0250573	-0.0208991	2567.39	-2842.54	4151.29	0.1	0.0130215
44600	4621.295	0.0203951	0.00314451	-0.0994443	-2266.93	-1649.15	355.164	0.1	0.0130215
44650	4621.295	0.730669	-0.200655	-0.407507	-1201.83	267.71	789.502	0.1	0.0130215
44700	4621.295	-0.00241672	-0.00307569	0.00022049	1821.04	1319.9	1361.85	0.1	0.0130215
44750	4621.295	0.0158774	0.0049193	0.129945	-1166.34	448.389	1344.7	0.1	0.0130215
44800	4621.295	0.0634901	0.0654127	0.00418676	-3511.27	-113.268	3938.09	0.1	0.0130215
44850	4621.295	-0.00923887	1.14075	-0.144145	-776.885	-824.788	-562.484	0.1	0.0130215
44900	4621.295	-0.0181146	-0.0441623	-0.017681	802.544	-2103.05	379.654	0.1	0.0130215
44950	4621.295	0.00155213	-0.0113855	-0.00842851	944.095	-1094.07	2224.58	0.1	0.0130215
45000	4621.295	-0.0690052	0.30235	-0.0997785	2080.16	2792.62	1444.04	0.1	0.0130215
45050	4621.295	0.028991	-0.0102364	-0.00380235	650.573	-691.52	2870.49	0.1	0.0130215
45100	4621.295	0.100156	0.128499	-0.00717918	-2561.41	-1780.75	3151.67	0.1	0.0130215
45150	4621.295	0.478149	0.783472	-0.797727	-413.758	1021.9	-1122.08	0.1	0.0130215
45200	4621.295	-0.0595071	0.132962	-0.0860755	1930.13	-693.935	-1143.24	0.1	0.0130215
45250	4621.295	0.123797	-0.0926848	-0.022969	706.984	322.458	-159.545	0.1	0.0130215
45300	4621.295	-0.527731	-0.100734	0.382978	-260.165	-696.474	-1824.98	0.1	0.0130215
45350	4621.295	-0.0113767	0.0129447	-0.00356192	-2155.84	300.033	-2623.84	0.1	0.0130215
45400	4621.295	-0.334236	0.0361911	0.163658	-227.057	-1721.05	-501.734	0.1	0.0130215
45450	4621.295	-0.022457	-0.234217	0.379292	-2199.73	-2087.23	618.451	0.1	0.0130215
45500	4621.295	0.296209	0.141538	-0.317826	1793.49	480.944	-1009.28	0.1	0.0130215
45550	4621.295	0.166544	0.0547288	-0.0340566	-803.248	400.454	1301.91	0.1	0.0130215
45600	4621.295	0.353892	0.420746	0.0189379	219.863	-1463.26	9.98298	0.1	0.0130215
45650	4621.295	-0.120833	0.0308609	0.0385195	-772.198	-1144.66	31.3405	0.1	0.0130215
45700	4621.295	0.310602	0.348444	-0.119984	532.649	-3371.64	-686.927	0.1	0.0130215
45750	4621.295	0.371464	-0.480223	2.09016	-535.056	599.544	-33.1037	0.1	0.0130215
45800	4621.295	0.0139474	-0.00122769	0.00412105	566.868	2729.69	-4196.34	0.1	0.0130215
45850	4621.295	-0.161282	0.169817	-0.398957	105.432	1087.22	-93.5424	0.1	0.0130215
45900	4621.295	0.0160697	0.00841142	-0.012348	-3846.92	444.847	-824.149	0.1	0.0130215
45950	4621.295	0.151232	0.00595846	0.00540845	-1430.19	-809.437	-1581.91	0.1	0.0130215
46000	4621.295	0.201708	-0.0564175	-0.0352888	3131.14	1093.59	-1312.2	0.1	0.0130215
46050	4621.295	0.080922	0.0430602	0.0029174	-475.804	-886.848	-1228.95	0.1	0.0130215
46100	4621.295	-0.0787492	0.0152616	-0.00366908	1830.58	-3560.81	-2082.14	0.1	0.0130215
46150	4621.295	0.0277648	-0.216729	0.208963	-1257.64	2738.81	1408.6	0.1	0.0130215
46200	4621.295	0.192043	-0.0776019	-0.0266252	-54.1399	-1762.71	1367.42	0.1	0.0130215
46250	4621.295	0.00166047	0.00636307	-0.0188822	-2040.65	822.9	-2239.47	0.1	0.0130215
46300	4621.295	-0.304605	-0.292668	-0.692009	388.914	-1278.42	-305.707	0.1	0.0130215
46350	4621.295	-0.138893	-0.0265359	-0.0191702	-370.204	-2590.81	-1169.72	0.1	0.0130215
46400	4621.295	-0.138921	-0.0774471	-0.0662655	1081.91	2886.86	-2160.48	0.1	0.0130215
46450	4621.295	-0.0212857	0.152943	0.218113	-1069.43	-798.218	931.208	0.1	0.0130215
46500	4621.295	-0.131625	-0.204858	0.0484982	1939.16	-197.431	381.469	0.1	0.0130215
46550	4621.295	0.0301047	0.0411212	-0.247797	-1442.67	-549.628	-1491.08	0.1	0.0130215
46600	4621.295	-0.0110236	0.0776531	-0.0349567	4740.6	-4198.89	375.506	0.1	0.0130215
46650	4621.295	1.04182	1.0759	1.14341	-128.466	-106.38	-832.335	0.1	0.0130215
46700	4621.295	0.0216314	0.00997615	0.0136198	1556.55	1021.37	-1937.37	0.1	0.0130215
46750	4621.295	-0.00506687	-0.00876681	0.00060526	1111.72	-1747.38	221.644	0.1	0.0130215
46800	4621.295	0.474562	0.447878	-1.83984	405.058	-1105.08	1306.79	0.1	0.0130215
46850	4621.295	-0.755078	-0.759536	-0.580947	582.811	572.829	473.196	0.1	0.0130215
46900	4621.295	-0.455593	-0.539087	0.0919907	-436.58	409.462	1645.08	0.1	0.0130215
46950	4621.295	-0.00670396	0.0071955	-0.650265	963.849	-162.767	-1171.92	0.1	0.0130215
47000	4621.295	-0.0744906	0.299436	0.00280422	667.388	-2463.89	2838.67	0.1	0.0130215
47050	4621.295	0.00698867	0.00516732	-0.0156212	-1097.38	1273.25	2431.48	0.1	0.0130215
47100	4621.295	0.0345375	0.0144747	-0.0174113	1636.47	-4692.73	1976.55	0.1	0.0130215
47150	4621.295	0.0505632	-0.0379664	-0.123066	2257.43	2952.99	593.846	0.1	0.0130215
47200	4621.295	-0.253207	0.0452879	0.110568	-230.394	-643.878	1429.87	0.1	0.0130215
47250	4621.295	-0.134662	-0.696335	-0.589996	-709.859	-671.83	44.5252	0.1	0.0130215
47300	4621.295	0.1476	0.427044	-0.729554	-230.763	-524.499	-32.214	0.1	0.0130215
47350	4621.295	3.92187	13.7203	-13.0465	210.065	146.131	-8.99115	0.1	0.0130215
47400	4621.295	-0.0018501	-0.00015492	-0.00542583	-359.721	-1768.72	33.4879	0.1	0.0130215
47450	4621.295	0.0366067	-0.0003086	0.31453	-24.4859	217.148	-1197.92	0.1	0.0130215
47500	4621.295	0.864561	-0.230301	0.240817	-731.771	563.144	1393.97	0.1	0.0130215
47550	4621.295	0.110621	0.00252111	-0.11991	871.385	-2166.75	-101.904	0.1	0.0130215
47600	4621.295	-0.0011943	0.00851454	0.0202352	-2700.76	766.967	5699.54	0.1	0.0130215
47650	4621.295	-0.0155827	0.0389078	-0.00717615	-7076.54	-2573.99	1929.83	0.1	0.0130215
47700	4621.295	-0.0975868	0.372425	-0.262261	-2429.06	-244.071	1517.43	0.1	0.0130215
47750	4621.295	-0.15046	-0.253571	-0.455808	430.893	-1679.07	2886.96	0.1	0.0130215
47800	4621.295	0.00118456	-0.012948	0.0252752	3210.91	-2164.76	-753.501	0.1	0.0130215
47850	4621.295	-0.0737382	-0.209033	0.0986554	306.603	26.8446	-76.5226	0.1	0.0130215
47900	4621.295	-0.023304	0.0742784	-0.0472425	-427.95	864.107	-676.129	0.1	0.0130215
47950	4621.295	-0.289874	-0.127287	-0.256294	347.993	1717.41	2431.94	0.1	0.0130215
48000	4621.295	-0.0443202	0.0383534	0.0400584	-704.531	107.452	-4072.97	0.1	0.0130215
48050	4621.295	0.0419618	-0.00661307	-0.0137433	798.239	1724.26	2888.19	0.1	0.0130215
48100	4621.295	0.00659097	-0.123204	0.147624	-3806.46	-1611.51	-1667.13	0.1	0.0130215
48150	4621.295	-0.51479	0.46966	0.0250574	906.891	468.425	767.776	0.1	0.0130215
48200	4621.295	-0.325476	-0.400767	-0.0658269	-863.848	2594.2	711.142	0.1	0.0130215
48250	4621.295	0.540308	-0.553404	0.78084	-350.754	797.385	-344.195	0.1	0.0130215
48300	4621.295	-0.0292908	-0.0261687	-0.0618325	50.7738	1649.65	2580.08	0.1	0.0130215
48350	4621.295	2.29567	0.318267	2.06017	-468.628	582.608	554.355	0.1	0.0130215
48400	4621.295	-0.00135094	0.0343327	-0.0412624	-590.453	-1630.17	4277.91	0.1	0.0130215
48450	4621.295	-0.0628596	-0.217438	-0.0850425	244.264	-35.1692	1924.62	0.1	0.0130215
48500	4621.295	0.0324362	-0.0562975	-0.0496813	-736.628	-703.848	-2697.98	0.1	0.0130215
48550	4621.295	-0.190155	-0.203971	0.0519689	-313.277	144.25	-652.862	0.1	0.0130215
48600	4621.295	0.0422899	-0.0413745	-0.0287377	-2540.36	-1885.91	4641.35	0.1	0.0130215
48650	4621.295	0.0775319	0.0499876	0.0256562	879.551	-529.707	268.792	0.1	0.0130215
48700	4621.295	0.180187	0.0784788	0.0462501	665.247	-1329.14	-3442.08	0.1	0.0130215
48750	4621.295	-0.135896	0.0464585	0.0173059	1580.84	-1476.65	-1819.65	0.1	0.0130215
48800	4621.295	-0.0276776	-0.0615427	-0.16329	-1270.72	821.197	-1568.98	0.1	0.0130215
48850	4621.295	0.031136	0.0708298	0.00206381	-33.4174	694.137	2743.62	0.1	0.0130215
48900	4621.295	0.0179745	0.010229	-0.00441252	-250.771	1735.49	411.483	0.1	0.0130215
48950	4621.295	0.0034074	0.024359	-0.0359991	1371.91	287.775	1357.05	0.1	0.0130215
49000	4621.295	-0.00330013	0.0925966	-0.133399	-487.495	1912.49	1242.24	0.1	0.0130215
49050	4621.295	0.0128938	0.00086975	-0.010443	-2364.66	-4608.26	-2340.89	0.1	0.0130215
49100	4621.295	-0.166591	-0.208657	0.793988	-91.6008	891.551	-43.2047	0.1	0.0130215
49150	4621.295	-0.294407	0.037698	0.158764	1544.84	-2521.78	277.123	0.1	0.0130215
49200	4621.295	0.0172933	-0.0187387	-0.0196156	-3199.38	-1386.9	-486.65	0.1	0.0130215
49250	4621.295	-0.0105752	-0.0598853	-0.0898513	1184.77	1291.86	-1403.75	0.1	0.0130215
49300	4621.295	-1.3263	-2.23878	1.93828	-18.261	-571.562	-15.579	0.1	0.0130215
49350	4621.295	0.0495346	-0.0396505	-0.0753838	905.485	-135.314	-4783.09	0.1	0.0130215
49400	4621.295	0.20541	0.0661737	0.113646	-808.948	-688.754	-3009.07	0.1	0.0130215
49450	4621.295	0.0284779	-0.0371993	-0.0663178	427.859	-605.982	-1131.16	0.1	0.0130215
49500	4621.295	0.106234	0.00870259	-0.0107847	1521.17	1185.24	-4771.88	0.1	0.0130215
49550	4621.295	0.375737	0.121832	0.249894	677.659	472.16	-1527.81	0.1	0.0130215
49600	4621.295	0.0770157	-0.27698	0.0888135	-1256.7	-1960.25	-3196.77	0.1	0.0130215
49650	4621.295	0.0496909	0.0292004	0.0780472	-891.411	-2365.43	-1179.05	0.1	0.0130215
49700	4621.295	0.079574	0.0210851	0.0488717	-2093.15	-2808.88	-1610.32	0.1	0.0130215
49750	4621.295	0.138468	-0.233674	0.0263289	-921.461	2338.44	-1622.22	0.1	0.0130215
49800	4621.295	0.100074	0.165689	0.0794518	-1342.16	1341.59	-1126.6	0.1	0.0130215
49850	4621.295	-0.244459	0.0510569	0.05037	-1219.5	43.0143	-404.094	0.1	0.0130215
49900	4621.295	0.0189512	0.0587546	0.109134	1601.13	2162.89	-462.424	0.1	0.0130215
49950	4621.295	0.0661303	-0.0965218	-0.00816506	4438.07	2720.36	-177.545	0.1	0.0130215
50000	4621.295	0.00357838	0.10249	-0.0101608	2186.13	-3891.49	-496.0	0.1	0.0130215
